v_dir_4326.asc
ncols        183
nrows        115
xllcorner    7.673561311000
yllcorner    52.313321253366
cellsize     0.000012170814
NODATA_value  -9999
[rows 90 to 107 of 115, columns 0 to 39 of 183]
-9999 -9999 -9999 201.39616000000000895 200.79311000000001286 202.43214000000000397 211.97769999999999868 188.79917000000000371 188.79917000000000371 89.248018000000001848 230.50439000000000078 243.25247999999999138 178.41347999999999274 208.99479999999999791 208.99479999999999791 197.9884399999999971 184.44436999999999216 170.0745200000000068 112.47869000000000028 112.47869000000000028 183.08935999999999922 161.19102000000000885 101.70843999999999596 248.91422000000000025 222.42915999999999599 222.42915999999999599 186.96655000000001223 236.09522000000001185 216.72323000000000093 180.13697999999999411 142.08323999999998932 142.08323999999998932 123.02284000000000219 173.58943999999999619 136.74779000000000906 108.39149000000000456 242.88990999999998621 242.88990999999998621 165.16164000000000556 123.32702999999999349
-9999 -9999 -9999 201.23263000000000034 200.29508000000001289 199.92562000000000921 198.85937000000001262 184.64596000000000231 184.64596000000000231 140.01767000000000962 184.06029000000000906 162.14146999999999821 52.400556000000001688 52.400556000000001688 217.00890999999998598 203.11387999999999465 160.53132999999999697 239.18324999999998681 204.70717999999999392 204.70717999999999392 163.06186999999999898 137.92705000000000837 132.03998999999998887 167.11840000000000828 137.29483999999999355 137.29483999999999355 87.642837999999997578 148.98296999999999457 118.56522999999999968 100.97024000000000399 119.63035000000000707 119.63035000000000707 103.22619000000000256 122.51134000000000412 304.58247999999997546 172.79155000000000086 158.66586000000000922 158.66586000000000922 210.00771000000000299 147.34076999999999202
-9999 -9999 -9999 200.28075999999998658 199.05937000000000126 198.47447999999999979 200.18868000000000507 200.18868000000000507 205.54392999999998892 155.93352999999999042 80.185199999999994702 241.21485999999998739 200.83807999999999083 200.83807999999999083 168.25300999999998908 232.29920000000001323 191.73315999999999804 173.46989999999999554 158.19154000000000337 158.19154000000000337 128.78676999999998998 131.73398000000000252 98.54818000000000211 86.767120000000005575 99.551174000000003161 99.551174000000003161 115.46793999999999869 119.48891000000000417 75.395107999999993353 116.24939999999999429 124.29446000000000083 124.29446000000000083 110.14520000000000266 122.45328000000000657 149.702699999999993 88.212715000000002874 121.06898999999999944 121.06898999999999944 221.52079000000000519 131.65136000000001104
-9999 -9999 -9999 199.61555999999998789 198.20706999999998743 197.09147999999999001 196.56295000000000073 196.56295000000000073 196.06314000000000419 189.13488000000000966 162.05511000000001332 179.96353999999999473 134.68603999999999132 134.68603999999999132 94.305496000000005097 209.77042000000000144 164.8246599999999944 150.05029999999999291 305.31195999999999913 305.31195999999999913 179.2122500000000116 135.95978999999999814 115.38586999999999705 117.31180000000000518 123.92122000000000526 123.92122000000000526 89.964337000000000444 92.89408400000000654 105.24375000000000568 95.311468000000004963 103.38115000000000521 103.38115000000000521 30.698767000000000138 114.92588000000000648 122.12543999999999755 100.6023399999999981 122.32469000000000392 122.32469000000000392 131.59495999999998617 79.201397999999997523
-9999 -9999 -9999 198.88841999999999643 197.30053000000000907 195.90474000000000387 195.54623000000000843 195.54623000000000843 202.46527000000000385 277.67923000000001821 205.04431999999999903 173.83955000000000268 221.34504000000001156 221.34504000000001156 181.00737000000000876 173.06415000000001214 141.23038999999999987 129.94176999999999111 173.43600000000000705 173.43600000000000705 109.86141999999999541 101.91361999999999455 119.88473000000000468 72.220940999999996279 97.844757999999998788 97.844757999999998788 102.6426400000000001 103.58361999999999625 107.6730400000000003 25.735545999999999367 117.58548999999999296 117.58548999999999296 141.79590999999999212 152.45713000000000648 128.71499000000000024 114.6363099999999946 50.988756000000002189 50.988756000000002189 96.080776999999997656 90.217259999999996012
-9999 -9999 -9999 197.42777000000000953 195.4879099999999994 193.35787999999999442 190.89503999999999451 190.89503999999999451 187.22547000000000139 177.84187000000000012 153.40097000000000094 152.06024999999999636 166.15595999999999322 166.15595999999999322 100.5952699999999993 120.85069000000000017 186.81806000000000267 111.37954000000000576 106.15810000000000457 106.15810000000000457 24.112418999999999158 108.71157999999999788 117.99692000000000291 108.2738599999999991 123.50424999999999898 123.50424999999999898 134.78720999999998753 96.698775999999995179 116.2190700000000021 115.36732000000000653 78.294875000000004661 78.294875000000004661 146.94646000000000186 309.36586999999997261 136.99421000000000959 110.41227000000000658 110.41227000000000658 84.049619000000006963 108.62417000000000655 110.58836999999999762
-9999 -9999 -9999 196.78007999999999811 194.72936999999998875 192.39044000000001233 189.54431999999999903 189.54431999999999903 185.64476999999999407 179.77243999999998891 172.55874000000000024 168.26408000000000698 162.74128999999999223 162.74128999999999223 148.1284300000000087 141.10325000000000273 134.63317000000000689 99.267099000000001752 106.80438999999999794 106.80438999999999794 111.04786000000000001 58.709812999999996919 104.11351000000000511 99.661945000000002892 121.17973000000000638 121.17973000000000638 160.58179000000001224 266.09025000000002592 155.33711999999999875 150.4001700000000028 150.4001700000000028 138.50375999999999976 142.63944000000000756 142.66612000000000648 31.564795000000000158 99.521962000000002035 99.521962000000002035 79.164640000000005671 94.906265000000004761 100.23400999999999783
-9999 -9999 -9999 196.22491999999999734 194.13533000000001039 191.76176000000000954 188.97075000000000955 188.97075000000000955 185.57248999999998773 181.46404999999998608 176.94846000000001141 172.22386000000000195 165.31295000000000073 165.31295000000000073 149.55645000000001232 104.35981999999999914 106.66079999999999472 106.56382999999999583 106.56382999999999583 56.161076000000001329 105.77674000000000376 88.204468000000005645 124.45696999999999832 164.10103000000000861 164.10103000000000861 213.93236999999999171 161.34600000000000364 159.76562000000001262 120.14128999999999792 151.1214999999999975 151.1214999999999975 154.38293999999999073 38.508313000000001125 103.78310999999999353 68.275880999999998267 108.14548000000000627 108.14548000000000627 102.24025000000000318 82.172117999999997551 113.71143999999999608
-9999 -9999 -9999 195.38276999999999362 193.34363999999999351 191.09796000000000049 188.60869999999999891 188.60869999999999891 185.85131000000001222 182.84581000000000017 179.73456999999999084 177.11366000000001009 177.11366000000001009 178.01256000000000768 205.47813999999999623 298.61831000000000813 152.00392999999999688 120.23771000000000697 120.23771000000000697 97.210249000000004571 119.75552999999999315 129.64035000000001219 28.681688999999998657 156.33880999999999517 156.33880999999999517 202.2505999999999915 127.83619000000000199 182.35572999999999411 254.37316999999998757 150.60490999999998962 150.60490999999998962 129.57886999999999489 110.00157000000000096 126.26712999999999454 124.6285000000000025 20.283554999999999779 20.283554999999999779 110.34986000000000672 97.889741000000000781 100.05384999999999707
-9999 -9999 -9999 195.06988999999998668 193.08124000000000819 190.91638000000000375 190.91638000000000375 188.54774000000000456 185.94918000000001257 183.10928999999998723 180.09926999999998998 177.43235999999998853 177.43235999999998853 177.70726999999999407 191.29974000000001411 196.61677000000000248 87.042347000000006574 105.42262999999999806 105.42262999999999806 43.410330999999999335 126.01970000000000027 165.65067999999999415 185.32218000000000302 160.9627800000000093 160.9627800000000093 157.64114000000000715 82.208194000000005985 156.85110000000000241 160.76530999999999949 72.174745999999998958 72.174745999999998958 106.6199799999999982 78.985743999999996845 134.92000999999999067 174.45902000000000953 178.95393000000001393 215.12291999999999348 152.38223999999999592 201.34594000000001301 200.06414000000000897
-9999 -9999 -9999 194.81200999999998658 192.8801599999999894 190.79819000000000528 190.79819000000000528 188.54105000000001269 186.06781000000000859 183.29168000000001371 179.99625000000000341 175.67833999999999151 174.13543000000001371 154.20466999999999302 108.05669000000000324 204.07794000000001233 270.93788999999998168 160.90298000000001366 160.90298000000001366 171.3432200000000023 166.29854000000000269 163.6462099999999964 156.2979400000000112 44.443140999999997121 44.443140999999997121 171.90390999999999622 174.9445699999999988 106.86575999999999453 104.14118000000000563 96.437236999999996101 96.437236999999996101 147.89886000000001332 177.82272000000000389 174.23174000000000206 182.43231000000000108 163.0610200000000134 163.0610200000000134 51.851742999999999029 194.27751000000000658 184.81081000000000358
-9999 -9999 -9999 194.41668000000001371 192.6088799999999992 190.71164999999999168 190.71164999999999168 188.7283299999999997 186.66489000000001397 184.52169000000000665 182.22919999999999163 178.99492000000000758 178.99492000000000758 164.49622999999999706 93.802004999999994084 170.64902000000000726 170.94223999999999819 58.885827999999996507 58.885827999999996507 202.68416999999999462 231.24064000000001329 157.82964999999998668 197.87785999999999831 196.78818999999998596 196.78818999999998596 169.16243000000000052 162.08772999999999342 115.33499000000000478 143.25137000000000853 130.49493000000001075 130.49493000000001075 79.815816999999995573 231.11458999999999264 237.46243000000001189 215.9007400000000132 222.80206000000001154 222.80206000000001154 202.59550999999999021 190.78781000000000745 160.99662000000000717
-9999 -9999 -9999 194.25494000000000483 192.50593000000000643 190.70130000000000337 190.70130000000000337 188.87074000000001206 187.08349999999998658 185.53004999999998859 184.90394000000000574 188.90434999999999377 188.90434999999999377 228.50435999999999126 245.82042999999998756 174.32191000000000258 179.21439000000000874 154.98219000000000278 154.98219000000000278 171.47757999999998901 155.38127000000000066 36.932149000000002559 190.56259000000000015 186.70160000000001332 186.70160000000001332 143.01964000000000965 238.78022000000001412 213.97237000000001217 170.00591000000000008 176.9879500000000121 176.9879500000000121 232.31924000000000774 225.03233000000000175 247.29729000000000383 244.55940000000001078 244.55940000000001078 234.47601000000000226 259.57873999999998205 274.14647000000002208 240.40348000000000184
-9999 -9999 -9999 194.09956999999999994 192.39734999999998877 190.66705999999999221 190.66705999999999221 188.93434999999999491 187.45147000000000048 186.35865000000001146 186.11224000000001411 187.37794999999999845 187.37794999999999845 189.14035999999998694 177.25488000000001421 135.43330000000000268 178.98556999999999562 151.78319999999999368 151.78319999999999368 63.990836000000001604 221.72957999999999856 196.15792999999999324 158.57175000000000864 158.57175000000000864 238.20930000000001314 198.43091000000001145 178.77207999999998833 172.81057000000001267 158.82552000000001158 158.82552000000001158 211.26108999999999583 254.52430000000001087 269.11374000000000706 278.01512000000002445 253.69440000000000168 253.69440000000000168 246.58482000000000767 269.75752999999997428 242.87780000000000769 230.55881999999999721
-9999 -9999 -9999 193.76616999999998825 192.09471999999999525 190.41145000000000209 190.41145000000000209 188.77225000000001387 187.28141999999999712 186.1357099999999889 185.72722999999999161 187.07536999999999239 187.07536999999999239 195.52906999999999016 265.12911000000002559 230.81469000000001301 174.5584299999999871 174.5584299999999871 193.84270000000000778 171.72644999999999982 174.63559000000000765 141.94012000000000739 96.829032999999995468 96.829032999999995468 198.12048999999998955 161.45670999999998685 150.28257999999999583 287.83049999999997226 225.50569999999999027 225.50569999999999027 225.38831999999999312 247.58747999999999934 245.76865000000000805 242.57766000000000872 281.60969999999997526 281.60969999999997526 270.98315000000002328 263.98872000000000071 259.91523999999998296 245.16649000000001024
-9999 -9999 -9999 193.57939999999999259 191.88623999999998659 191.88623999999998659 190.16803999999999064 188.47128000000000725 186.88247000000001208 185.56662000000000035 184.86787000000001058 184.86787000000001058 185.65657999999999106 190.56528000000000134 201.73588000000000875 150.0307899999999961 92.943845999999993523 92.943845999999993523 260.26364999999998417 197.74911000000000172 165.79445999999998662 226.58851999999998839 183.1729400000000112 183.1729400000000112 173.86597000000000435 150.63533000000001039 190.35654999999999859 198.17327000000000226 238.7942600000000084 238.7942600000000084 235.59371999999999048 234.13248999999999 286.59199999999998454 257.18367999999998119 272.77611000000001695 272.77611000000001695 262.3871300000000133 251.88304999999999723 284.64440000000001874 215.79016999999998916
-9999 -9999 -9999 193.19015999999999167 191.39038999999999646 191.39038999999999646 189.5044900000000041 187.54248000000001184 185.5297300000000007 183.52481000000000222 181.66606999999999061 181.66606999999999061 180.32672999999999774 180.9183800000000133 192.48986999999999625 295.48673000000002276 196.70395999999999503 196.70395999999999503 164.91453999999998814 210.7253300000000138 170.72715999999999781 166.93894000000000233 123.28749999999999432 123.28749999999999432 137.51601999999999748 188.08590000000000941 111.74066999999999439 167.66957999999999629 312.59660000000002356 312.59660000000002356 200.67429000000001338 217.66570999999999003 254.72629000000000588 243.00058000000001357 247.1107900000000086 247.1107900000000086 296.26963000000000648 249.44256999999998925 224.62381999999999493 118.59108999999999412
-9999 -9999 -9999 193.01470000000000482 191.14307999999999765 191.14307999999999765 189.14436000000000604 187.00459000000000742 184.70862999999999943 182.24377999999998679 179.61662999999998647 179.61662999999998647 176.93107000000000539 174.73958999999999264 175.09349000000000274 173.82093000000000416 96.191112000000003945 96.191112000000003945 102.57408999999999821 244.26422999999999774 155.13344000000000733 160.08185000000000286 271.92997000000002572 271.92997000000002572 174.11464000000000851 169.90931000000000495 151.55110999999999422 163.78793999999999187 182.82424000000000319 182.82424000000000319 38.842923999999996454 187.88466999999999985 267.25441999999998188 255.052960000000013 255.27082999999998947 255.27082999999998947 276.4739099999999894 238.51688999999998941 213.75586999999998739 152.81460999999998762
