v_dir_4326.asc
ncols        183
nrows        115
xllcorner    7.673561311000
yllcorner    52.313321253366
cellsize     0.000012170814
NODATA_value  -9999
[rows 18 to 35 of 115, columns 120 to 159 of 183]
298.97345999999998867 291.53611999999998261 291.58224000000001297 292.80128000000001975 292.80128000000001975 290.01125000000001819 286.78750000000002274 278.69594000000000733 282.81619000000000597 283.50752999999997428 283.50752999999997428 275.40465000000000373 290.46624000000002752 295.84588999999999714 295.38650000000001228 299.4697800000000143 299.4697800000000143 304.60334999999997763 296.60667000000000826 300.94448999999997341 302.40298999999998841 296.645150000000001 296.645150000000001 299.41647999999997865 299.7046500000000151 297.77821999999997615 300.63360000000000127 302.61862999999999602 302.61862999999999602 298.3296100000000024 300.88333999999997559 305.98901999999998225 296.81770999999997684 292.84978000000000975 292.84978000000000975 291.40631000000001904 298.44767000000001644 285.45073999999999614 281.71393000000000484 307.55685999999997193
289.45611000000002377 298.50051999999999452 296.85624999999998863 304.24763000000001512 304.24763000000001512 291.63661000000001877 289.28962000000001353 289.60615000000001373 288.00412000000000035 290.26002999999997201 290.26002999999997201 293.62619000000000824 291.93765000000001919 293.93909000000002152 296.00968000000000302 295.50927999999998974 295.50927999999998974 296.72302000000001954 303.42214999999998781 297.95636999999999261 298.62617999999997664 301.70190000000002328 301.70190000000002328 302.43020000000001346 302.4233199999999897 300.68592999999998483 307.09710000000001173 301.34422999999998183 301.34422999999998183 315.8921399999999835 301.55961000000002059 297.76089000000001761 293.82691999999997279 305.0463100000000054 305.0463100000000054 291.52091000000001486 281.257000000000005 292.38688000000001921 277.23912000000001399 266.99707999999998265
273.495900000000006 296.6541700000000219 296.13247999999998683 292.85905999999999949 292.85905999999999949 297.03482000000002472 292.8388299999999731 292.03969000000000733 293.78818999999998596 293.63898999999997841 293.63898999999997841 294.99054999999998472 301.98674999999997226 297.29809000000000196 298.49828000000002248 303.63168999999999187 303.63168999999999187 299.32751999999999271 303.1571999999999889 300.7359000000000151 301.86117999999999029 306.17460999999997284 306.17460999999997284 297.19038999999997941 299.90942999999998619 301.03588999999999487 295.85160000000001901 297.78019999999997935 297.78019999999997935 299.63373000000001412 293.33836999999999762 292.038250000000005 293.63362999999998237 285.91433000000000675 285.91433000000000675 279.80416000000002441 276.44826999999997952 278.22789000000000215 264.59154999999998381 264.59154999999998381
161.28361000000001013 276.95373999999998205 301.18024000000002616 303.19643999999999551 303.19643999999999551 305.05855999999999995 294.72453000000001566 295.08292000000000144 316.78203999999999496 295.77435000000002674 295.77435000000002674 296.08555999999998676 302.31195999999999913 296.23845999999997503 296.16178999999999633 298.26220000000000709 298.26220000000000709 296.66093999999998232 297.88886000000002241 306.73914999999999509 298.71386000000001104 298.32727999999997337 298.32727999999997337 306.39724999999998545 299.09818000000001348 299.27746000000001914 295.92164000000002488 300.54820999999998321 300.54820999999998321 304.69398000000001048 290.28951999999998179 294.78633000000002085 294.81114999999999782 294.81114999999999782 278.72437000000002172 272.31983999999999924 269.36061000000000831 265.46836000000001832 257.38544999999999163 257.38544999999999163
222.94579999999999131 262.10023000000001048 291.02789000000001352 296.41962999999998374 296.41962999999998374 292.99349999999998317 295.52703999999999951 295.11293000000000575 296.24173000000001821 299.38335000000000719 299.38335000000000719 297.38592999999997346 302.5998299999999972 298.14620000000002165 297.69659999999998945 310.02519000000000915 310.02519000000000915 296.75432999999998174 298.94986999999997579 305.7218199999999797 297.95801000000000158 297.95801000000000158 301.64199000000002115 307.47958999999997332 292.10935999999998103 295.27753000000001293 302.32850999999999431 302.32850999999999431 289.19672000000002754 288.34505000000001473 288.70636000000001786 278.66905000000002701 269.9727800000000002 269.9727800000000002 264.31517999999999802 262.29550000000000409 254.51284000000001129 242.50067000000001372 249.46780999999998585 249.46780999999998585
213.47640000000001237 166.74422000000001276 275.57726999999999862 291.88382999999998901 291.88382999999998901 295.4768100000000004 300.40134000000000469 297.69549999999998136 297.36299000000002479 312.33049999999997226 312.33049999999997226 296.10622999999998228 294.66104999999998881 301.15994000000000597 293.33438999999998487 293.33438999999998487 292.65899999999999181 294.30207000000001472 294.31605999999999312 296.99835999999999103 306.21346999999997252 306.21346999999997252 297.52886999999998352 293.14247000000000298 283.01348999999999023 291.23919000000000779 293.31198000000000548 293.31198000000000548 287.51530999999999949 288.11669999999998026 297.30882000000002563 270.25706000000002405 257.00526000000002114 257.00526000000002114 239.76342999999999961 254.58323999999998932 245.95241999999998939 242.66208000000000311 247.92526000000000863 247.92526000000000863
277.71753999999998541 274.63116999999999734 280.96992000000000189 291.73057999999997492 291.73057999999997492 293.5685500000000161 293.57735000000002401 297.10036000000002332 296.89864000000000033 296.89864000000000033 294.95965000000001055 297.07578000000000884 295.26945999999998094 294.36799000000002025 288.74711000000002059 288.74711000000002059 290.35669000000001461 295.41986000000002832 292.16208000000000311 296.5957000000000221 312.36565999999999121 312.36565999999999121 294.99572000000000571 293.37650999999999613 294.04633000000001175 288.62945999999999458 286.8607900000000086 286.8607900000000086 285.88968999999997322 280.87662999999997737 273.63447000000002163 257.74074999999999136 259.48790000000002465 259.48790000000002465 252.99891999999999825 228.6477999999999895 244.45367999999999142 239.82899000000000456 231.33683999999999514 231.33683999999999514
285.48066000000000031 288.22573999999997341 291.11964000000000397 291.11964000000000397 305.59483000000000175 297.3094899999999825 294.27021000000002005 306.08184999999997444 296.80390999999997348 296.80390999999997348 293.49266000000000076 295.27282999999999902 292.88704000000001315 291.04714000000001306 289.48174999999997681 289.48174999999997681 289.93295999999998003 292.70900000000000318 299.99531000000001768 293.67428999999998496 293.33697000000000799 293.33697000000000799 294.80099999999998772 291.31475000000000364 288.60858000000001766 286.95499000000000933 283.82513000000000147 283.82513000000000147 281.21145000000001346 260.7549200000000269 260.66924000000000206 248.97746000000000777 249.0746300000000133 249.0746300000000133 249.51668000000000802 238.64999000000000251 244.8119700000000023 235.70225999999999544 228.03758999999999446 228.03758999999999446
291.54547999999999774 299.72363000000001421 300.40025000000002819 300.40025000000002819 293.74157000000002427 296.5242099999999823 295.71156999999999471 293.20193999999997914 293.54701999999997497 293.54701999999997497 292.86097000000000889 291.26756999999997788 288.95940999999999121 288.97352000000000771 291.27908999999999651 291.27908999999999651 288.93229999999999791 292.01055999999999813 303.40744000000000824 295.14532000000002654 295.43097000000000207 295.43097000000000207 315.5130100000000084 290.7046399999999835 287.87929000000002588 290.46537000000000717 280.51587000000000671 280.51587000000000671 273.20105999999998403 264.94294999999999618 262.62560999999999467 258.82575000000002774 248.45284000000000901 248.45284000000000901 251.64927000000000135 248.72451000000000931 219.94640000000001123 241.71628999999998655 243.38426999999998657 243.38426999999998657
301.4879500000000121 296.23379999999997381 296.97314999999997553 296.97314999999997553 298.90764000000001488 299.84021999999998798 297.26720000000000255 293.29264999999998054 300.33121999999997342 300.33121999999997342 294.31761000000000195 290.34244000000001051 292.49741999999997688 290.99986000000001241 291.84987999999998465 291.84987999999998465 294.65140000000002374 293.9596000000000231 294.41879999999997608 296.15165000000001783 293.70164999999997235 293.70164999999997235 292.62034999999997353 293.36450000000002092 288.19164999999998145 294.43909999999999627 274.96746000000001686 274.96746000000001686 268.28940000000000055 249.48836000000000013 260.59926000000001522 258.07873999999998205 246.33690999999998894 246.33690999999998894 254.04874000000000933 250.11503999999999337 235.97120000000001028 250.90053000000000338 250.90053000000000338 254.65144000000000801
299.63848999999999023 296.21595999999999549 297.00891999999998916 297.00891999999998916 297.59203999999999724 295.24545999999998003 294.21301999999997179 293.49236999999999398 292.94454999999999245 292.94454999999999245 289.79568999999997914 286.27436999999997624 290.67603000000002567 291.94168999999999414 292.92766999999997779 292.92766999999997779 296.98647999999997182 317.82400999999998703 310.3275300000000243 301.14879000000001952 298.85764000000000351 298.85764000000000351 293.76594000000000051 313.07015999999998712 282.2399300000000153 275.11903999999998405 268.57350999999999885 268.57350999999999885 268.15080999999997857 265.63299999999998136 261.0595299999999952 260.06668999999999414 260.06668999999999414 258.72698000000002594 254.65761000000000536 253.15747999999999251 250.97481999999999402 250.6491100000000074 250.6491100000000074 253.70644999999998959
296.95137999999997191 324.59818999999998823 302.12925999999998794 302.12925999999998794 300.28010000000000446 311.11067000000002736 298.8196100000000115 296.99722000000002708 293.58523000000002412 293.58523000000002412 296.78766000000001668 293.65651000000002568 291.0927199999999857 302.96847000000002481 296.12743999999997868 296.12743999999997868 295.04518000000001621 301.39690000000001646 297.74108999999998559 293.184599999999989 293.184599999999989 297.76612999999997555 291.24984000000000606 284.22246999999998707 271.68518000000000256 270.83881999999999834 270.83881999999999834 268.99133000000000493 266.32028000000002521 262.96593000000001439 258.97228999999998678 261.58415000000002237 261.58415000000002237 259.85705000000001519 239.24977000000001226 250.51258999999998878 246.02124000000000592 225.9454900000000066 225.9454900000000066 248.92572000000001253
286.6553299999999922 311.83285000000000764 301.11432000000002063 301.11432000000002063 301.19855000000001155 302.02578999999997222 297.05765000000002374 295.24903000000000475 294.25177000000002181 294.25177000000002181 292.5817599999999743 290.45805999999998903 287.09687000000002399 294.83402999999998428 294.83402999999998428 295.73586999999997715 296.77249999999997954 310.04683999999997468 294.92998000000000047 291.56858999999997195 291.56858999999997195 303.89404000000001815 285.92158999999998059 278.47527999999999793 273.63247999999998683 271.87963000000002012 271.87963000000002012 270.24430999999998448 266.66442999999998165 264.20909000000000333 266.46480999999999995 265.64819999999997435 265.64819999999997435 263.5928599999999733 257.33372000000002799 245.15715000000000146 247.09350000000000591 249.03889000000000919 249.03889000000000919 244.3290800000000047
255.50842000000000098 304.27030999999999494 304.27030999999999494 319.14263999999997168 308.11847999999997683 314.77053000000000793 298.9112999999999829 298.20747999999997546 298.20747999999997546 296.50677000000001726 292.7831899999999905 298.79478000000000293 297.24628000000001293 291.96764999999999191 291.96764999999999191 307.99335000000002083 294.83319999999997663 288.43416999999999462 289.14992999999998347 284.23989999999997735 284.23989999999997735 278.25662999999997282 271.04498000000000957 269.84273999999999205 270.84422999999998183 268.35620999999997593 268.35620999999997593 266.23273999999997841 267.92970000000002528 267.56285000000002583 266.74939999999998008 266.5402700000000209 266.5402700000000209 266.01355000000000928 262.83584999999999354 221.2615199999999902 245.66086999999998852 248.91577000000000908 248.91577000000000908 231.07952000000000226
301.35077000000001135 303.98937000000000808 303.98937000000000808 322.452699999999993 303.69501000000002477 301.23291000000000395 301.68779999999998154 296.22647999999998092 296.22647999999998092 295.176400000000001 294.39078000000000657 292.85942999999997483 291.93907999999998992 291.32771999999999935 291.32771999999999935 291.5645200000000159 290.6744899999999916 289.60370000000000346 292.86142000000000962 278.5645900000000097 278.5645900000000097 270.73279999999999745 257.00036999999997533 265.8236299999999801 268.32778000000001839 267.3538599999999974 267.3538599999999974 267.74738999999999578 268.74741000000000213 268.59424999999998818 268.06720000000001392 267.73288000000002285 267.73288000000002285 267.8064200000000028 266.54775000000000773 255.98664999999999736 247.73666000000000054 247.96235999999998967 247.96235999999998967 250.20187999999998851
325.13582000000002381 308.92414999999999736 308.92414999999999736 306.47230000000001837 324.70540999999997211 306.0281100000000265 305.25445999999999458 296.6229900000000157 296.6229900000000157 300.23716999999999189 309.3346599999999853 293.85527999999999338 296.69348999999999705 294.71821999999997388 294.71821999999997388 287.38877000000002226 285.23638999999997168 283.30748999999997295 278.23660000000000991 264.45422999999999547 264.45422999999999547 259.5483300000000213 262.26753000000002203 261.77580000000000382 260.50936999999998989 266.98613000000000284 266.98613000000000284 268.27084999999999582 264.8971000000000231 270.03676999999998998 271.01987000000002581 275.92090000000001737 275.92090000000001737 270.82713999999998578 269.99227000000001908 271.74353999999999587 241.26042000000001053 250.37826999999998634 250.37826999999998634 251.1366999999999905
307.34316000000001168 303.29687000000001262 307.68209000000001652 306.04971999999997934 323.73320999999998548 300.82587000000000899 298.9737299999999891 305.01936000000000604 305.01936000000000604 294.64470999999997503 294.37619000000000824 294.74256000000002587 289.08082999999999174 286.53606000000002041 286.53606000000002041 287.45776000000000749 278.0171100000000024 270.26569999999998117 267.1432699999999727 255.63044999999999618 255.63044999999999618 264.08199000000001888 265.39404999999999291 262.54491999999999052 264.79279999999999973 268.88375999999999522 268.88375999999999522 270.74227999999999383 271.45420000000001437 271.9475400000000036 272.77825999999998885 273.23099999999999454 273.23099999999999454 271.00871999999998252 269.67721999999997706 267.87671999999997752 260.07375000000001819 260.07375000000001819 255.45797999999999206 254.31913000000000125
300.49376000000000886 312.28426999999999225 312.28426999999999225 307.11633999999997968 300.98333999999999833 310.33204000000000633 300.54957999999999174 300.17014000000000351 300.17014000000000351 296.16586999999998397 297.43464999999997644 305.45555000000001655 288.11403000000001384 272.57130999999998267 272.57130999999998267 272.31623999999999342 272.07119000000000142 266.03667999999998983 266.36788000000001375 265.82729999999997972 265.82729999999997972 259.68630999999999176 255.95838000000000534 260.2438900000000217 265.11864000000002761 265.11864000000002761 269.33487999999999829 272.37828000000001794 273.83640000000002601 275.28483999999997422 275.33051000000000386 275.33051000000000386 278.41888999999997623 273.19866000000001804 271.38963999999998578 269.85266999999998916 261.79910999999998467 261.79910999999998467 239.61625000000000796 250.37901999999999703
