v_dir_4326.asc
ncols        183
nrows        115
xllcorner    7.673561311000
yllcorner    52.313321253366
cellsize     0.000012170814
NODATA_value  -9999
[rows 18 to 35 of 115, columns 0 to 39 of 183]
257.71820000000002437 257.71820000000002437 257.92210000000000036 258.12945999999999458 258.34039000000001352 258.55500000000000682 258.55500000000000682 258.77339999999998099 258.99570999999997412 259.22206999999997379 259.45262000000002445 259.6875 259.6875 259.92687000000000808 260.17090000000001737 260.41975999999999658 260.67363000000000284 260.93270000000001119 260.93270000000001119 261.19717000000002827 261.46724000000000387 261.74311999999997624 262.02503000000001521 262.31317999999998847 262.31317999999998847 262.60780999999997221 262.90913999999997941 263.21740999999997257 263.53284999999999627 263.85570000000001301 263.85570000000001301 264.18619999999998527 264.52462000000002718 264.87119000000001279 265.22618999999997413 265.58989000000002534 265.58989000000002534 265.96258999999997741 266.34458000000000766 266.87180000000000746
-9999 257.66066999999998188 257.86648999999999887 258.07585999999997739 258.28888999999998077 258.50569999999999027 258.50569999999999027 258.72640999999998712 258.95116000000001577 259.18009000000000697 259.4133499999999799 259.65109999999998536 259.65109999999998536 259.89352999999999838 260.14080000000001291 260.39312000000001035 260.62414000000001124 260.89107000000001335 260.89107000000001335 261.16397000000000617 261.44312000000002172 261.72877999999997201 262.02122000000002799 262.32074999999997544 262.32074999999997544 262.62767000000002326 262.94227000000000771 263.26488000000000511 263.59582000000000335 263.9354200000000219 263.9354200000000219 264.28401000000002341 264.64195000000000846 265.00959999999997763 265.38733000000001994 265.77553000000000338 265.77553000000000338 266.17462999999997919 266.58506999999997333 267.00734999999997399
-9999 257.53721000000001595 257.74673000000001366 257.95994999999999209 258.17702000000002727 258.39805000000001201 258.39805000000001201 258.62319999999999709 258.85261000000002696 259.08645999999998821 259.32492000000002008 259.56819999999999027 259.56819999999999027 259.8164899999999875 260.07002999999997428 260.32904999999999518 260.59379999999998745 260.86453999999997677 260.86453999999997677 261.14157000000000153 261.42516000000000531 261.71562999999997601 262.01330000000001519 262.31849999999997181 262.31849999999997181 262.63157000000001062 262.95287000000001854 263.28275999999999613 263.62160999999997557 263.9698099999999954 263.9698099999999954 264.32774000000000569 264.69583000000000084 265.07447999999999411 265.46413999999998623 265.86527000000000953 265.86527000000000953 266.27838000000002694 266.70400000000000773 267.14271000000002232
-9999 257.47118999999997868 257.6824799999999982 257.89755000000002383 258.11653000000001157 258.33958000000001221 258.33958000000001221 258.56682999999998174 258.7984599999999773 259.03464000000002443 259.27557999999999083 259.52147999999999683 259.52147999999999683 259.77256999999997333 260.02908999999999651 260.29131000000000995 260.55950999999998885 260.83397000000002208 260.83397000000002208 261.11502000000001544 261.40296999999998206 261.69819000000001097 262.0010199999999827 262.31184999999999263 262.31184999999999263 262.63107000000002245 262.95907999999997173 263.29629999999997381 263.64314999999999145 264.00009000000000015 264.00009000000000015 264.36756000000002587 264.7460399999999936 265.1360300000000052 265.60863000000000511 265.60863000000000511 266.03712999999999056 266.48005999999998039 266.93817000000001372 267.4122899999999845
-9999 257.4022600000000125 257.61525999999997794 257.83211000000000013 258.05295000000000982 258.27793000000002621 258.27793000000002621 258.50720999999998639 258.74097000000000435 258.97939000000002352 259.22269999999997481 259.41701000000000477 259.41701000000000477 259.6733300000000213 259.93545999999997775 260.20371000000000095 260.47840999999999667 260.75992999999999711 260.75992999999999711 261.04865000000000919 261.34498000000002094 261.64936000000000149 261.96224999999998317 262.28413000000000466 262.28413000000000466 262.61550999999997202 262.95690000000001874 263.30885999999998148 263.67194000000000642 263.67194000000000642 264.04673999999999978 264.43385999999998148 264.83393000000000939 265.24759999999997717 265.67556000000001859 265.67556000000001859 266.11856000000000222 266.57738000000000511 267.05290999999999713 267.54613000000000511
-9999 257.25556999999997743 257.4718199999999797 257.69202999999998838 257.91635000000002265 258.14496000000002596 258.14496000000002596 258.3780100000000175 258.61572000000001026 258.85829999999998563 259.10599999999999454 259.35906999999997424 259.35906999999997424 259.61781000000001995 259.88251999999999953 260.15354999999999563 260.43126999999998361 260.43126999999998361 260.71607000000000198 261.00839000000001988 261.30867999999998119 261.61743000000001302 261.93515000000002146 261.93515000000002146 262.26238999999998214 262.5997199999999907 262.94772999999997865 263.30705000000000382 263.67833000000001675 263.67833000000001675 264.06222000000002481 264.45943999999997231 264.87069000000002461 265.29673999999999978 265.73836999999997488 265.73836999999997488 266.1964500000000271 266.67187999999998738 267.16568999999998368 267.67903000000001157
-9999 257.17777000000000953 257.39553999999998268 257.61732999999998128 257.84327999999999292 258.0735599999999863 258.0735599999999863 258.30835000000001855 258.54786999999998898 258.792349999999999 259.04203999999998587 259.04203999999998587 259.29721999999998161 259.55820999999997412 259.82533000000000811 260.09895999999997684 260.37950999999998203 260.37950999999998203 260.66739999999998645 260.96312000000000353 261.26717000000002145 261.58010000000001583 261.90246999999999389 261.90246999999999389 262.2349100000000135 262.57805999999999358 262.93259999999997945 263.29923000000002276 263.67869999999999209 263.67250999999998839 264.07481999999998834 264.49270000000001346 264.92711000000002741 265.37903999999997495 265.84953000000001566 265.84953000000001566 266.33971000000002505 266.85075999999997975 267.38404000000002725 267.94107999999999947
-9999 257.09697999999997364 257.31621999999998707 257.53951000000000704 257.76699000000002115 257.76699000000002115 257.92083999999999833 258.15879000000001042 258.40156000000001768 258.64942000000002054 258.90264000000001943 258.90264000000001943 259.16153000000002748 259.42644999999998845 259.69778999999999769 259.97597999999999274 260.26148999999998068 260.26148999999998068 260.55484999999998763 260.85662999999999556 261.16743999999999915 261.48797000000001844 261.81893000000002303 261.81893000000002303 262.16109999999997626 262.51530000000002474 262.88242000000002463 263.26337000000000899 263.65910999999999831 263.65910999999999831 264.0706599999999753 264.4990799999999922 264.94544000000001915 265.41088999999999487 265.89663000000001603 265.89663000000001603 266.40393000000000256 266.93416999999999462 267.48885000000001355 268.06970999999998639
-9999 256.9264400000000137 257.14843000000001894 257.37448999999998023 257.60480000000001155 257.60480000000001155 257.83953000000002476 258.07888000000002648 258.32308000000000447 258.57240000000001601 258.82711999999997943 258.82711999999997943 259.08758999999997741 259.35415999999997894 259.62725999999997839 259.90735000000000809 260.19492999999999938 260.19492999999999938 260.49058999999999742 260.79493999999999687 261.10867000000001781 261.4325200000000109 261.76729999999997744 261.76729999999997744 262.11387999999999465 262.47320000000001983 262.84624000000002297 263.23406999999997424 263.63778999999999542 263.63778999999999542 264.05855000000002519 264.49758000000002767 264.95611999999999853 265.43549999999999045 265.93707999999998037 265.93707999999998037 266.46231999999997697 267.01276999999998907 267.59014999999999418 268.19641000000001441
-9999 256.8367200000000139 257.05999000000002752 257.2873299999999972 257.51891999999998006 257.51891999999998006 257.75493000000000166 257.99556000000001177 258.2410499999999729 258.49166999999999916 258.74772000000001526 258.74772000000001526 259.00954000000001543 259.27753000000001293 259.55212999999997692 259.83382000000000289 260.12315999999998439 260.12315999999998439 260.42077000000000453 260.72732000000002017 261.04356999999998834 261.37033999999999878 261.7085400000000277 261.7085400000000277 261.99635000000000673 262.36466000000001486 262.74844000000001643 263.14906999999999471 263.56799999999998363 263.56799999999998363 264.00679999999999836 264.46708000000000993 264.95053000000001475 265.45893000000000939 265.99410000000000309 265.99410000000000309 266.55797000000001162 267.15257000000002563 267.78008999999997286 268.44297000000000253
-9999 256.64852000000001908 256.87418000000002394 257.1038899999999785 257.3377800000000093 257.3377800000000093 257.57605000000000928 257.81887999999997874 258.06650999999999385 258.31921999999997297 258.57731999999998607 258.57731999999998607 258.84118000000000848 259.11122000000000298 259.38790999999997666 259.67180999999999358 259.96354000000002316 259.96354000000002316 260.26382000000000971 260.57344000000000506 260.89330999999998539 261.22442000000000917 261.56788999999997714 261.56788999999997714 261.92495000000002392 262.29692000000000007 262.68527999999997746 263.0916000000000281 263.51756999999997788 263.51756999999997788 263.96498000000002548 264.43572000000000344 264.93178000000000338 265.45522999999997182 265.45522999999997182 266.00821000000001959 266.59296000000000504 267.2118199999999888 267.86730000000000018 268.56213000000002467
-9999 256.55011999999999261 256.77690999999998667 257.00770999999997457 257.24265000000002601 257.24265000000002601 257.48189000000002125 257.72564999999997326 257.97413000000000238 258.22762999999997646 258.48644000000001597 258.48644000000001597 258.7509499999999889 259.02156999999999698 259.29881999999997788 259.58325000000002092 259.87554000000000087 259.87554000000000087 260.1764400000000137 260.48680000000001655 260.80761000000001104 261.13995999999997366 261.48507999999998219 261.48507999999998219 261.84435000000001992 262.21926000000001977 262.61147999999997182 263.02282000000002427 263.02282000000002427 263.45521999999999707 263.91077000000001362 264.39170000000001437 264.90032999999999674 265.43911000000002787 265.43911000000002787 266.01058000000000447 266.61738000000002557 267.26222999999998819 267.94801999999998543 268.67788999999999078
-9999 256.44893000000001848 256.67682000000002063 256.90865999999999758 257.14456999999998743 257.14456999999998743 257.38472000000001572 257.62927999999999429 257.87848000000002457 258.13258000000001857 258.39190000000002101 258.39190000000002101 258.65679000000000087 258.92770000000001573 259.20512999999999693 259.48968000000002121 259.48968000000002121 259.78203999999999496 260.08300000000002683 260.2933699999999817 260.61389000000002625 260.94632000000001426 260.94632000000001426 261.29214999999999236 261.65307000000001381 262.03097000000002481 262.42799000000002252 262.84649999999999181 262.84649999999999181 263.28910999999999376 263.75866000000002032 264.25824000000000069 264.79117000000002236 265.36095000000000255 265.36095000000000255 265.97125999999997248 266.62590000000000146 267.32880000000000109 268.08397999999999683 268.89566000000002077
-9999 256.23847999999998137 256.46852000000001226 256.70235000000002401 256.94006000000001677 256.94006000000001677 257.18178999999997814 257.42768000000000939 257.67790999999999713 257.93272999999999229 257.93272999999999229 258.19240000000002055 258.45729000000000042 258.727800000000002 259.00445000000001983 259.28784000000001697 259.28784000000001697 259.57870000000002619 259.87788999999997941 260.18642999999997301 260.50551999999998998 260.83654000000001361 260.83654000000001361 261.18112999999999602 261.54111999999997806 261.91865000000001373 262.31612000000001217 262.73622999999997774 262.73622999999997774 263.18200999999999112 263.65679000000000087 264.16422999999997501 264.70830000000000837 265.29325999999997521 265.29325999999997521 265.92363000000000284 266.60410000000001673 267.33951000000001841 268.13479000000000951 268.99495999999999185
-9999 256.12939000000000078 256.36050999999997657 256.59532000000001517 256.59532000000001517 256.83390000000002829 257.07634000000001606 257.32278000000002294 257.57335999999997966 257.82830999999998767 257.82830999999998767 258.08787000000000944 258.35235999999997603 258.62218999999998914 258.89783999999997377 259.17991000000000668 259.17991000000000668 259.46913000000000693 259.76636999999999489 260.07269000000002279 260.38934000000000424 260.71780999999998585 260.71780999999998585 261.05984000000000833 261.41746000000000549 261.79302999999998747 262.18923999999998387 262.60917000000000598 262.60917000000000598 263.05630999999999631 263.53455000000002428 264.04824999999999591 264.60217999999997573 265.2015700000000038 265.2015700000000038 265.85201000000000704 266.5594300000000203 267.32996000000002823 268.18396999999998798 269.16280999999997903
-9999 256.01785999999998467 256.25009000000000015 256.4859000000000151 256.4859000000000151 256.72534000000001697 256.96847999999999956 257.21541999999999462 257.46627999999998337 257.72122000000001663 257.72122000000001663 257.98048999999997477 258.24434999999999718 258.51317000000000235 258.67356999999998379 258.95145000000002256 258.95145000000002256 259.23545000000001437 259.52641999999997324 259.82542000000000826 260.13375999999999522 260.45307000000002517 260.45307000000002517 260.78528999999997495 261.13278000000002521 261.49837000000002263 261.88537999999999784 262.29772000000002663 262.29772000000002663 262.7399599999999964 263.21735999999998512 263.73599999999999 264.30282999999997173 264.92574999999999363 264.92574999999999363 265.61365999999998166 266.37646000000000868 267.22483999999997195 268.16996999999997797 269.2228799999999751
-9999 255.78789000000000442 256.02253999999999223 256.26051000000001068 256.26051000000001068 256.50180000000000291 256.74639999999999418 256.99432000000001608 257.24560000000002447 257.50031999999998789 257.50031999999998789 257.75859000000002652 258.02057000000002063 258.28651999999999589 258.55678000000000338 258.83179999999998699 258.83179999999998699 259.11219999999997299 259.39877000000001317 259.69254000000000815 259.99479000000002316 260.30716999999998507 260.30716999999998507 260.63170000000002346 260.9708699999999908 261.327699999999993 261.70582999999999174 262.10962000000000671 262.10962000000000671 262.54421000000002095 263.01564999999999372 263.53104999999999336 264.09868999999997641 264.72827000000000908 264.72827000000000908 265.43106000000000222 266.22005000000001473 267.1099100000000135 268.11662999999998647 268.11662999999998647
-9999 255.66967999999999961 255.90568999999999278 256.14488999999997532 256.14488999999997532 256.38722999999998819 256.63265999999998712 256.881149999999991 257.13267000000001872 257.38724000000001979 257.38724000000001979 257.64488999999997532 257.90571999999997388 258.16987999999997783 258.43763000000001284 258.70933000000002266 258.70933000000002266 258.98547999999999547 259.26679000000001452 259.55421000000001186 259.84895999999997684 260.15266000000002578 260.15266000000002578 260.46733999999997877 260.79557999999997264 261.14057999999999993 261.50625999999999749 261.89738999999997304 261.89738999999997304 262.31972000000001799 262.78010000000000446 263.28672000000000253 263.84935000000001537 263.54687999999998738 264.16944000000000869 264.88215000000002419 265.70701999999999998 266.67205999999998767 267.81245000000001255 267.81245000000001255
