v_dir_4326.asc
ncols        183
nrows        115
xllcorner    7.673561311000
yllcorner    52.313321253366
cellsize     0.000012170814
NODATA_value  -9999
[rows 54 to 71 of 115, columns 0 to 39 of 183]
-9999 -9999 251.70748000000000388 252.10223999999999478 252.50882999999998901 252.92544000000000892 253.34941000000000599 253.34941000000000599 253.77702999999999633 254.20329000000000974 254.62167999999999779 255.02402000000000726 255.40047999999998751 255.40047999999998751 255.73986999999999625 256.03046000000000504 256.26152000000001863 256.42576000000002523 256.52233999999998559 256.52233999999998559 256.5595299999999952 256.55542000000002645 256.54147000000000389 256.62443000000001803 257.33999999999997499 257.33999999999997499 260.38459999999997763 267.88173999999997932 278.07290000000000418 283.81182999999998628 286.91259000000002288 286.91259000000002288 290.5807699999999727 295.56286999999997533 297.88371000000000777 295.41331000000002405 301.38206000000002405 301.38206000000002405 302.22320000000001983 297.91804000000001906
-9999 -9999 251.47787999999999897 251.8860599999999863 252.30788999999998623 252.74142000000000507 253.18357000000000312 253.18357000000000312 253.62982999999999834 254.07375999999999294 254.50652999999999793 254.91632999999998788 255.28786999999999807 255.28786999999999807 255.60203000000001339 255.83597000000000321 255.96413999999998623 255.96045000000000869 255.80101999999999407 255.80101999999999407 255.46451999999999316 252.70090999999999326 250.65775999999999613 246.76539999999999964 233.86172999999999433 233.86172999999999433 191.30814000000000874 248.84104999999999563 319.95724000000001297 287.98860999999999422 290.14179999999998927 290.14179999999998927 310.41498000000001412 268.67585000000002537 278.57745999999997366 300.94913000000002512 300.94913000000002512 294.22501999999997224 299.36378000000001975 305.52427000000000135
-9999 -9999 250.97647000000000617 251.41441000000000372 251.87173000000001366 252.34677999999999543 252.83636000000001332 252.83636000000001332 253.33501000000001113 253.83399000000000001 254.31990999999999303 254.77270999999998935 255.16293999999999187 255.16293999999999187 255.44793999999998846 255.56700000000000728 255.4359100000000069 254.94255000000001132 253.94490999999999303 253.94490999999999303 252.2647399999999891 249.65330000000000155 245.79348999999999137 240.51022000000000389 240.51022000000000389 227.18130999999999631 120.98130999999999347 219.62497999999999365 273.82119999999997617 337.48561999999998307 337.48561999999998307 294.2802599999999984 275.86811999999997624 149.99080000000000723 242.07966999999999302 300.27503999999998996 300.27503999999998996 310.45488999999997759 302.34944000000001552 305.09510999999997694
-9999 -9999 250.69972000000001344 251.15360000000001151 251.6310100000000034 252.13097999999999388 252.65089000000000397 252.65089000000000397 253.18560999999999694 253.72620000000000573 254.2579900000000066 254.75774999999998727 255.18909999999999627 255.18909999999999627 255.49566999999998984 255.59028000000000702 255.33931999999998652 254.54304999999999382 254.54304999999999382 252.91810000000000969 250.07986999999999966 245.37765999999999167 237.04067000000000576 223.54720000000000368 223.54720000000000368 230.7489400000000046 277.74819999999999709 249.87629999999998631 261.81835999999998421 294.04574999999999818 294.04574999999999818 286.64222000000000889 273.67799000000002252 238.71533999999999764 259.50495999999998276 286.43099000000000842 286.43099000000000842 303.30025000000000546 300.09341999999998052 297.68700999999998658
-9999 -9999 250.40136999999998579 250.87124000000000024 251.36975000000001046 251.89707999999998833 251.89707999999998833 252.45184000000000424 253.03011000000000763 253.62393000000000143 254.21900999999999726 254.79102000000000317 254.79102000000000317 255.29938000000001352 255.67661000000001081 255.80934999999999491 256.09293999999999869 254.90984000000000265 254.90984000000000265 251.69990999999998849 244.24968000000001211 229.88416000000000849 211.91155000000000541 175.87066999999998984 175.87066999999998984 199.47996000000000549 246.25670999999999822 235.50735000000000241 241.57283000000001039 279.26407999999997855 279.26407999999997855 300.8115500000000111 299.3729900000000157 293.13914999999997235 316.16410999999999376 298.82740999999998621 298.82740999999998621 299.87679000000002816 297.59820999999999458 299.14078000000000657
-9999 -9999 249.72354000000001406 250.2217499999999859 250.76135999999999626 251.34657000000001403 251.34657000000001403 251.9809099999999944 252.66637000000000057 253.40199999999998681 254.18178000000000338 254.99075999999999453 254.99075999999999453 255.79834999999999923 256.54509999999999081 257.11488000000002785 257.26776999999998452 256.44990999999998849 256.44990999999998849 253.14934999999999832 242.11299999999999955 197.74110999999999194 154.57773000000000252 93.452408000000005472 93.452408000000005472 220.27786000000000399 269.99972999999999956 287.57544999999998936 302.57857000000001335 300.05592999999998938 300.05592999999998938 308.28300999999999021 296.56400999999999613 294.95139999999997826 305.35435999999998558 296.4789000000000101 296.4789000000000101 302.86016000000000759 297.88058000000000902 296.7226800000000253
-9999 -9999 249.33466999999998848 249.84236000000001354 250.39860999999999081 251.01054999999999495 251.01054999999999495 251.68548000000001252 252.43027000000000726 253.25038000000000693 254.14826999999999657 255.12085999999999331 255.12085999999999331 256.15489999999999782 257.21800999999999249 258.24067000000002281 259.0755100000000084 259.37686000000002196 259.37686000000002196 258.07785000000001219 250.80557999999999197 214.34657000000001403 176.85406000000000404 238.81642999999999688 238.81642999999999688 301.81675999999998794 291.98736000000002377 300.31531999999998561 292.20776999999998225 302.23223999999999023 302.23223999999999023 296.9555300000000102 331.11730999999997493 307.66874000000001388 301.02944999999999709 315.76254000000000133 315.76254000000000133 294.39589999999998327 300.44547999999997501 296.64963000000000193
-9999 -9999 248.90573000000000548 249.41720000000000823 249.9842999999999904 250.61764999999999759 250.61764999999999759 251.32919999999998595 252.1319300000000112 253.03946999999999434 254.0654999999999859 255.24574000000001206 255.24574000000001206 256.83695000000000164 258.7258899999999926 261.00281000000001086 263.80808000000001812 267.49151000000000522 267.49151000000000522 274.57019000000002507 310.9535900000000197 285.15683999999998832 286.1612299999999891 308.69587999999998829 308.69587999999998829 290.89708999999999151 303.8115099999999984 294.49248999999997523 296.14767999999997983 294.39292000000000371 294.39292000000000371 294.48038000000002512 299.61020000000002028 298.26551000000000613 293.18526000000002796 294.26375000000001592 294.26375000000001592 292.05687999999997828 291.94376999999997224 287.98930999999998903
-9999 -9999 247.90853999999998791 248.40011999999998693 248.95819000000000187 249.6018500000000131 249.6018500000000131 250.35464999999999236 251.24517000000000166 252.30778000000000816 253.58446000000000708 255.12887000000000626 255.12887000000000626 257.01584000000002561 259.36475999999998976 262.39690999999999121 266.520150000000001 271.94323000000002821 271.94323000000002821 278.54349000000001979 287.53073000000000548 282.81770999999997684 284.14859999999998763 299.62027999999997974 299.62027999999997974 287.86450999999999567 297.54261999999999944 294.38655999999997448 294.66854000000000724 294.66854000000000724 302.21120000000001937 290.07105000000001382 292.00630000000001019 290.39166000000000167 292.97250000000002501 292.97250000000002501 294.1592499999999859 292.66073000000000093 294.82823999999999387 290.51033000000001039
-9999 -9999 247.33296999999998889 247.79466999999999643 248.32450000000000045 248.94633999999999219 248.94633999999999219 249.69079999999999586 250.59599000000000046 251.70885000000001241 253.08777000000000612 254.80880999999999403 254.80880999999999403 256.97966999999999871 259.77643000000000484 263.57850999999999431 269.64039999999999964 283.50180000000000291 283.50180000000000291 286.20238999999997986 313.61565000000001646 287.24074999999999136 288.88495999999997821 288.88495999999997821 293.0162199999999757 286.42275999999998248 288.07735999999999876 287.38447000000002163 287.09343999999998687 287.09343999999998687 284.1502100000000155 295.02663999999998623 288.81493000000000393 290.74664999999998827 292.64506000000000085 292.64506000000000085 293.9698099999999954 299.62578999999999496 300.51245000000000118 308.16951999999997724
-9999 -9999 246.70429999999998927 247.11803000000000452 247.59677999999999543 248.16958999999999946 247.25421000000000049 247.8784300000000087 248.70341999999999416 249.80965000000000487 251.29748000000000729 251.29748000000000729 253.29769999999999186 256.00227999999998474 259.74876000000000431 265.10966999999999416 272.00078000000002021 272.00078000000002021 296.55599999999998317 284.9062099999999873 282.52827000000002045 302.77850999999998294 283.04264999999998054 283.04264999999998054 283.45855999999997721 282.77654000000001133 283.1563499999999749 284.73980000000000246 286.33026999999998452 286.33026999999998452 283.34095999999999549 284.36563999999998487 289.94997000000000753 295.40593000000001211 296.73075000000000045 296.73075000000000045 318.05621000000002141 307.25094000000001415 293.39447000000001253 299.85235999999997603
-9999 -9999 245.30371999999999844 245.5508299999999906 245.83104000000000156 245.83104000000000156 246.18314000000000874 246.66680999999999813 247.36527000000000953 248.385610000000014 249.86037999999999215 249.86037999999999215 251.95939000000001329 254.92778999999998746 259.25875000000002046 266.73207999999999629 274.9232600000000275 274.9232600000000275 279.05344000000002325 284.0474100000000135 284.84235000000001037 286.42653999999998859 279.6886299999999892 279.6886299999999892 283.10036000000002332 278.93666000000001759 288.37241999999997688 283.04061999999998989 282.04635999999999285 282.04635999999999285 292.22043999999999642 286.36824999999998909 287.94637000000000171 294.68878000000000839 304.18304000000000542 304.18304000000000542 294.24407000000002199 306.89566999999999553 302.26109000000002425 305.47550000000001091
-9999 -9999 244.55574999999998909 244.6764699999999948 244.79131000000000995 244.79131000000000995 244.94078999999999269 245.19808000000000447 245.67553000000000907 246.52320000000000277 247.92467999999999506 247.92467999999999506 250.11877999999998679 253.4562699999999893 258.38423999999997704 267.56684999999998809 273.41588999999999032 273.41588999999999032 272.05360999999999194 280.91081000000002632 279.83168000000000575 289.53751999999997224 290.02757000000002563 290.02757000000002563 278.24270999999998821 288.17491999999998598 269.40697999999997592 260.13089999999999691 263.91869000000002643 263.91869000000002643 236.04392000000001417 279.55027000000001181 302.90888999999998532 321.01359000000002197 288.64710999999999785 288.64710999999999785 282.25893999999999551 305.23594000000002779 296.39598000000000866 307.05371000000002368
-9999 -9999 243.1074000000000126 242.8880100000000084 242.49083999999999151 242.49083999999999151 241.91652999999999452 241.24377999999998679 240.69957999999999743 240.69911999999999352 241.7464999999999975 241.7464999999999975 244.13578000000001111 248.28441000000000827 255.03881999999998698 256.20125000000001592 261.82447000000001935 261.82447000000001935 270.27753000000001293 266.96958999999998241 269.63436000000001513 270.20371000000000095 263.40595999999999322 263.40595999999999322 263.76877999999999247 250.62701999999998748 223.26275000000001114 203.50514000000001147 175.93542999999999665 175.93542999999999665 198.24571000000000254 301.44112000000001217 266.66644000000002279 271.45814999999998918 293.70695999999998094 293.70695999999998094 209.68424999999999159 273.64873999999997523 299.82708000000002357 292.40044999999997799
-9999 -9999 242.51680999999999244 242.11008000000001061 241.36782999999999788 241.36782999999999788 240.1981399999999951 238.58926999999999907 236.80912000000000717 235.69838999999998919 236.75389000000001261 236.75389000000001261 241.4960100000000125 244.57833999999999719 256.43036999999998216 251.16960000000000264 262.49684999999999491 262.49684999999999491 273.20425999999997657 274.34791999999998779 267.75274000000001706 203.14517000000000735 239.44604000000001065 239.44604000000001065 276.67160999999998694 239.17265000000000441 147.83983000000000629 173.91706999999999539 135.93444999999999823 135.93444999999999823 224.93867000000000189 271.42943000000002485 260.58404999999999063 174.16899000000000797 174.16899000000000797 245.33680000000001087 191.65763000000001171 242.93111999999999284 251.40421000000000618 294.66953999999998359
-9999 -9999 242.12588999999999828 241.57515000000000782 240.48657000000000039 240.48657000000000039 238.56447000000000003 235.4434400000000096 231.02852999999998929 226.82444000000000983 227.04179999999999495 227.04179999999999495 246.57481999999998834 240.01822999999998842 240.61790999999999485 264.95800000000002683 253.5293100000000095 253.5293100000000095 206.29247000000000867 218.54779999999999518 195.19857999999999265 287.60671000000002095 220.14313999999998828 220.14313999999998828 241.1193800000000067 281.24867000000000417 238.76585000000000036 221.68909999999999627 221.68909999999999627 238.67486999999999853 239.00864999999998872 249.73214999999999009 215.1799699999999973 148.34847999999999502 148.34847999999999502 153.31024999999999636 30.01873600000000053 214.20407000000000153 204.20786000000001081 181.9097500000000025
-9999 -9999 242.34809999999998809 241.9980899999999906 240.90163000000001148 240.90163000000001148 238.20201000000000136 231.58356000000000563 213.68860000000000809 139.88743999999999801 140.37064000000000874 140.37064000000000874 177.31052999999999997 182.9436200000000099 172.27922000000000935 176.93039999999999168 182.59120999999998958 182.59120999999998958 94.31883600000000456 158.57185000000001196 90.586796000000006757 227.543910000000011 227.543910000000011 191.15593000000001211 206.18909999999999627 259.63407000000000835 278.55308999999999742 278.33546999999998661 278.33546999999998661 267.68515999999999622 267.83454999999997881 264.46172999999998865 123.71827000000000396 178.76986999999999739 178.76986999999999739 207.61851999999998952 193.62326999999999089 124.24832000000000676 264.15393000000000256 268.83938000000000557
-9999 -9999 243.10321999999999321 243.27851000000001136 243.0096200000000124 243.0096200000000124 241.75245000000001028 237.31675000000001319 219.65442999999999074 175.31050999999999362 175.31050999999999362 180.92332999999999288 199.77330000000000609 174.63468000000000302 179.58195000000000618 149.79055999999999926 149.79055999999999926 143.49421000000000959 65.307850999999999431 135.54652999999998997 269.93817999999998847 264.1874300000000062 264.1874300000000062 269.81313000000000102 279.12114000000002534 267.78194999999999482 296.23806999999999334 266.0121899999999755 266.0121899999999755 269.02442000000002054 266.50276999999999816 252.5075999999999965 239.23732000000001108 241.50926999999998657 241.50926999999998657 240.48642000000000962 234.6153799999999876 213.71933000000001357 266.665300000000002 277.17504000000002407
