v_max_4326.asc
ncols        183
nrows        115
xllcorner    7.673561311000
yllcorner    52.313321253366
cellsize     0.000012170814
NODATA_value  -9999
[rows 18 to 35 of 115, columns 39 to 77 of 183]
0.20014265000000000527 0.19913891000000000231 0.19807210000000000094 0.19807210000000000094 0.1969362400000000124 0.19572448000000000623 0.19442892999999999981 0.19304050999999999849 0.19154876000000001235 0.19154876000000001235 0.18994157000000000401 0.18820486999999999633 0.18632218000000000391 0.18427388000000000101 0.18203621999999999859 0.18203621999999999859 0.17957982999999999585 0.17686736999999999598 0.17385028999999999066 0.17046400000000000441 0.16662088999999999372 0.16662088999999999372 0.16219817999999999736 0.15700357000000000895 0.1506709400000000032 0.1426238599999999912 0.1426238599999999912 0.13338315000000000587 0.1229962799999999995 0.11470732999999999624 0.12185824000000000655 0.11823438999999999477 0.11823438999999999477 0.10420801999999999843 0.11984875000000000389 0.1189890200000000009 0.090374150000000000316 0.12189004000000000505 0.12189004000000000505
0.19956869999999998777 0.19852295999999999832 0.19741002999999998635 0.19741002999999998635 0.19622327000000000519 0.19495498999999999468 0.19359625999999999224 0.19213668000000000413 0.19056419999999998915 0.19056419999999998915 0.18886474999999999791 0.18702187000000000672 0.18501613000000000087 0.18282427000000001094 0.18282427000000001094 0.18041777999999999982 0.17776075999999998989 0.17480640999999999541 0.17149144999999998973 0.16772734000000000254 0.16772734000000000254 0.16338679000000000396 0.15828665000000000096 0.15215666999999999387 0.14436368999999998897 0.13203814999999999302 0.13203814999999999302 0.10893804999999999461 0.10918645999999999907 0.084088668000000005298 0.11511472000000000371 0.113838700000000001 0.113838700000000001 0.095097135999999998779 0.11951784000000000019 0.11936251000000000499 0.1111851199999999984 0.12771755000000001301 0.12771755000000001301
0.19898245999999999989 0.19789334000000000091 0.19673280000000001322 0.19673280000000001322 0.19549348999999999199 0.19416676999999998854 0.19274252000000000051 0.191208870000000003 0.191208870000000003 0.18955183000000000448 0.18775499000000001049 0.18579896000000001299 0.183660739999999989 0.181312549999999989 0.181312549999999989 0.17872008999999999812 0.17583942999999999102 0.1726117699999999977 0.16895439000000000984 0.16148214999999999097 0.16148214999999999097 0.15578249999999999043 0.14850503000000001008 0.13804938999999999405 0.12249522000000000188 0.1131902000000000047 0.1131902000000000047 0.092574771999999999617 0.112632709999999997 0.11628586999999999951 0.10812541999999999986 0.11768855999999999762 0.11768855999999999762 0.11995316000000000312 0.11065709999999999436 0.12020082999999999462 0.1260199499999999917 0.11366526000000000407 0.11366526000000000407
0.19776695999999999165 0.19658644000000000118 0.19658644000000000118 0.19532578999999999914 0.19397611000000000714 0.19252669999999999506 0.19096465000000001355 0.18927435000000000787 0.18927435000000000787 0.18743692000000000686 0.18542950999999999184 0.18322459999999998748 0.18078891999999999185 0.17808201000000001279 0.17808201000000001279 0.17505344999999999933 0.17163763000000001324 0.1677432100000000037 0.16323197000000000401 0.15787812000000001067 0.15787812000000001067 0.15130186000000001023 0.1427724499999999952 0.12922436000000001033 0.085228226000000004148 0.080807975000000004107 0.080807975000000004107 0.10246769000000000016 0.10109482999999999664 0.10215654000000000401 0.094503839000000006143 0.11273167000000000604 0.11273167000000000604 0.11345075999999999772 0.068499149999999994765 0.11784624999999999961 0.12330193999999999876 0.088556127999999997846 0.088556127999999997846
0.19713359999999999217 0.19590458999999998957 0.19590458999999998957 0.19459104999999998764 0.19318330000000000224 0.19166954999999999409 0.19003534999999999178 0.18826286999999999883 0.18826286999999999883 0.18633008000000000903 0.18420981000000000161 0.18186867000000001005 0.17926575999999999622 0.17635097999999999052 0.17635097999999999052 0.17306192000000000797 0.16931752999999999387 0.16500434999999999408 0.15994523999999998853 0.153816819999999993 0.153816819999999993 0.1459636800000000123 0.13556037000000001336 0.12324968999999999508 0.10478782000000000374 0.10506142999999999732 0.10506142999999999732 0.1153773800000000016 0.10797747000000000595 0.10919866999999999768 0.11910587000000000257 0.10999209999999999543 0.10999209999999999543 0.109448989999999996 0.12083175000000000165 0.11286235000000000017 0.11062840000000000173 0.13332525000000000626 0.13332525000000000626
0.19647960000000000425 0.1951997500000000052 0.1951997500000000052 0.19383095999999999659 0.19236284000000000716 0.19078257000000001242 0.18907409999999999495 0.18721725000000000172 0.18721725000000000172 0.18518640000000000101 0.18294910000000000339 0.18046434000000000086 0.17768074999999999841 0.1745344400000000129 0.17262847000000000608 0.16868876999999998789 0.16407612999999998671 0.158591189999999993 0.15190002999999999145 0.14354390000000000205 0.14354390000000000205 0.13304546999999999901 0.11493188999999999489 0.092179408000000004342 0.11353404999999999747 0.11001811999999999703 0.11001811999999999703 0.083742806000000002964 0.1153672800000000026 0.11244490000000000041 0.078655922000000003114 0.11588756000000000057 0.11588756000000000057 0.1203244599999999942 0.1143807299999999999 0.11143780000000000352 0.11906669999999999754 0.11906669999999999754 0.12644213000000001368
0.1950951599999999897 0.1937039999999999873 0.1937039999999999873 0.1922149800000000075 0.19061669000000000529 0.18889475000000000016 0.18703053000000000039 0.18499940000000000828 0.18499940000000000828 0.1827681399999999956 0.18029128999999999294 0.17750620999999999761 0.17432670999999999584 0.17063584000000001084 0.17063584000000001084 0.1662793399999999977 0.16106059000000000347 0.15470563000000001064 0.14659095999999999238 0.13480811000000000877 0.13480811000000000877 0.11994760000000000144 0.10764932000000000667 0.093134896999999994271 0.11582926999999999806 0.11441303999999999363 0.11441303999999999363 0.11052995000000000181 0.11975036000000000014 0.11783470000000000055 0.11421871999999999581 0.11421871999999999581 0.12468625999999999321 0.12610504000000000158 0.1214658799999999983 0.13088588000000000999 0.12925786999999999694 0.12925786999999999694 0.11062286999999999815
0.19435568999999999762 0.19290210999999998776 0.19290210999999998776 0.1913458899999999907 0.18967544000000000071 0.18787607000000000612 0.18592854999999999799 0.1838069699999999862 0.1838069699999999862 0.18147516999999999121 0.17888144000000000267 0.17595025000000000248 0.172569940000000005 0.16857484999999999831 0.16857484999999999831 0.16372290999999999928 0.1576836299999999913 0.1500937900000000047 0.1404756899999999864 0.1404756899999999864 0.12445377999999999996 0.06577199100000000187 0.10757253999999999428 0.10789548999999999668 0.089107485999999999637 0.089107485999999999637 0.11155297000000000129 0.10830154999999999643 0.10452493999999999674 0.11244313999999999698 0.10070300999999999558 0.10070300999999999558 0.081261785000000003043 0.12250112000000000501 0.12934362999999998722 0.11253188999999999553 0.12922327999999999593 0.12922327999999999593 0.1240899800000000025
0.19357742000000000004 0.19205505999999999966 0.19205505999999999966 0.19042470999999999703 0.18867473000000001271 0.18679054999999999964 0.18475310999999999817 0.18253639999999998755 0.18253639999999998755 0.17862094000000000582 0.1758087299999999964 0.17263459000000000443 0.16894405000000001227 0.16894405000000001227 0.16445673999999999015 0.15862566000000000166 0.15021553000000001377 0.13538858000000000836 0.097819011999999996854 0.097819011999999996854 0.10069751000000000396 0.086072809000000000124 0.10902953999999999424 0.11169663999999999981 0.082253529000000005778 0.082253529000000005778 0.11681840000000000279 0.11877944000000000002 0.1013478800000000013 0.12189131999999999745 0.12393137999999999377 0.12393137999999999377 0.1145430199999999954 0.12860543999999998754 0.13335604000000000902 0.12873515999999998738 0.13677422000000000191 0.13677422000000000191 0.13994636999999998661
0.19187840999999999925 0.19019168999999999659 0.19019168999999999659 0.18838209999999999678 0.1864378499999999883 0.1843450399999999878 0.1820867599999999864 0.1820867599999999864 0.1796413900000000119 0.17697899000000000269 0.17405338000000000753 0.17078519999999999812 0.16702654999999999585 0.16702654999999999585 0.16248744000000001075 0.1565657299999999863 0.1478667100000000123 0.1325511600000000012 0.099547007000000006793 0.099547007000000006793 0.10376138000000000028 0.11617500999999999522 0.097316274999999993756 0.10633454000000000517 0.11732671000000000072 0.11732671000000000072 0.10124123999999999624 0.10947911000000000448 0.11730350999999999972 0.11016454999999999997 0.11464696000000000609 0.11464696000000000609 0.10803777999999999992 0.12568973999999999425 0.12832650000000001 0.087142164999999993658 0.13471540000000001291 0.13471540000000001291 0.13824717000000000255
0.19094327999999999301 0.19094327999999999301 0.18915629999999999944 0.18723521000000001302 0.18516730000000000689 0.18293817000000001105 0.18053141999999999801 0.18053141999999999801 0.17792819000000001384 0.17510596999999999968 0.17203403000000000445 0.16865983000000001057 0.16487425999999999471 0.16487425999999999471 0.16043692000000001063 0.15482086000000000459 0.14681742000000000403 0.13292191000000000423 0.09574218099999999565 0.09574218099999999565 0.11128760000000000041 0.11707568999999999615 0.10963108000000000575 0.11628542000000000045 0.12099893000000000454 0.12099893000000000454 0.11635913999999999979 0.11585439999999999627 0.11602954999999999519 0.1012495100000000009 0.12079444000000000292 0.12079444000000000292 0.13021314000000000499 0.11555690000000000406 0.12953085000000000293 0.14036197000000000257 0.13239698999999999218 0.13239698999999999218 0.13987985999999999476
0.18994094000000000255 0.18994094000000000255 0.18803814999999998725 0.18598605000000001386 0.18222500999999999283 0.17961847999999999703 0.17677474000000001353 0.17677474000000001353 0.17366513000000000089 0.17026310000000000056 0.16655993999999998967 0.16259529000000000343 0.15846568999999999239 0.15846568999999999239 0.15423242000000000895 0.14971578999999998749 0.14417801999999999008 0.13664213999999999527 0.12819537999999999767 0.12819537999999999767 0.11800470000000000403 0.11289886000000000366 0.12098311999999999955 0.11526461999999999819 0.10602693000000000534 0.10602693000000000534 0.12170390999999999848 0.11492729999999999613 0.090429289999999995509 0.12420114000000000154 0.12462281999999999527 0.12462281999999999527 0.10314373999999999765 0.12830711999999999673 0.13344774000000000913 0.12777314000000000727 0.12574952000000000352 0.12574952000000000352 0.13851478999999999875
0.18770348000000000588 0.18770348000000000588 0.18551156999999998676 0.18312357000000001328 0.18051343999999999723 0.17764885999999999178 0.17448884000000000616 0.17448884000000000616 0.17098021999999998832 0.16705511000000000665 0.16264625999999998696 0.15778459999999999708 0.15278338999999999115 0.15278338999999999115 0.1480766099999999974 0.14401532999999999696 0.13960717000000000265 0.1296765400000000068 0.11126790000000000291 0.11126790000000000291 0.11422443000000000179 0.10971190999999999582 0.11581478000000000605 0.11324517000000000611 0.10825843000000000271 0.10825843000000000271 0.12102793000000000578 0.11871847000000000649 0.11642276999999999487 0.12881321000000001131 0.13025619999999998866 0.13025619999999998866 0.13045160999999999563 0.13935146000000001032 0.13996427000000000174 0.13802982999999999225 0.13802982999999999225 0.14717649999999998789 0.14829575999999999869
0.18645243999999999707 0.18645243999999999707 0.18408172000000000423 0.18148121000000000391 0.17861493999999999982 0.17543580999999999759 0.17187911000000000161 0.17187911000000000161 0.16784964999999998914 0.16319063000000000319 0.15761228999999998823 0.15072135999999999867 0.1431493299999999913 0.1431493299999999913 0.13635525000000001117 0.13107805000000000151 0.13231538000000001021 0.12426233999999999891 0.092976386999999993677 0.092976386999999993677 0.1195340099999999961 0.11761670999999999931 0.11157925999999999955 0.12165844000000000658 0.1221235199999999993 0.1221235199999999993 0.11346193999999999724 0.12394829999999999737 0.12555685999999999236 0.10747442000000000106 0.10747442000000000106 0.13054177000000000142 0.13753619999999999735 0.11210894000000000414 0.14138121000000000715 0.14559767000000001236 0.14559767000000001236 0.13187249000000000887 0.1481903599999999932
0.18364157999999999871 0.18364157999999999871 0.18082894999999998831 0.17769178999999998836 0.17416234999999999356 0.17014550000000000507 0.16549742000000000619 0.16549742000000000619 0.15997917999999999861 0.15320404000000001354 0.1446098799999999962 0.13118418000000001133 0.083527203999999993789 0.083527203999999993789 0.10686850999999999989 0.1171160100000000065 0.088441061000000001369 0.11095109000000000221 0.11095109000000000221 0.11477935999999999694 0.10074940000000000284 0.11151819999999999788 0.10133688999999999891 0.11352317000000000657 0.11352317000000000657 0.11779998999999999332 0.094478765000000006213 0.12038464999999999583 0.12224319000000000157 0.096993282000000000109 0.096993282000000000109 0.13152887999999998692 0.13950604999999999256 0.14081694999999999629 0.14645452999999999943 0.14767895000000000327 0.14767895000000000327 0.14353503000000000789 0.15328111999999999293
0.18205974999999999242 0.18205974999999999242 0.17897544000000001341 0.17550081000000000708 0.17154217999999998856 0.16696519000000001332 0.16156456999999999069 0.16156456999999999069 0.15495058999999999916 0.14616645000000000332 0.13404230000000000311 0.12339445999999999748 0.12339445999999999748 0.10672338000000000657 0.116288080000000002 0.1209018300000000018 0.11443164000000000113 0.11928921000000000663 0.11928921000000000663 0.12199860999999999345 0.1101737299999999975 0.1169647399999999976 0.12246688000000000018 0.10249320000000000652 0.10249320000000000652 0.1158219999999999944 0.12350753000000000426 0.085211060000000005132 0.111350019999999994 0.12426890999999999632 0.12426890999999999632 0.10464674000000000198 0.12700574000000000585 0.14061366000000000143 0.13119931000000001342 0.13684495999999998772 0.13684495999999998772 0.10237259999999999416 0.14694517000000001383
0.18335630999999999458 0.1803409599999999946 0.17694319999999999493 0.17307221999999999884 0.16859483999999999582 0.16330873000000001305 0.16330873000000001305 0.1569155000000000133 0.14896074000000000814 0.13767715999999999288 0.10916945999999999595 0.092534070999999995522 0.092534070999999995522 0.10317513999999999852 0.10846664999999999779 0.10668824000000000363 0.099570915999999995427 0.10726579999999999449 0.10726579999999999449 0.096949519999999997366 0.11866173000000000692 0.10810664000000000384 0.09750265099999999574 0.11551815 0.11551815 0.1160762399999999972 0.1111340799999999962 0.097517396000000006184 0.11950995000000000368 0.12169022000000000172 0.12169022000000000172 0.074634994999999995646 0.12931590000000001139 0.14154933000000000098 0.1138827800000000029 0.14508609000000000089 0.14508609000000000089 0.15385235999999999357 0.13798270000000001367
0.18004632000000000969 0.17640315000000000856 0.17221357000000001025 0.16731250000000000289 0.16143688999999999956 0.1540998299999999932 0.1540998299999999932 0.14389241999999999311 0.12520975000000000854 0.10142086000000000157 0.094504768000000002881 0.097679028000000001075 0.097679028000000001075 0.11334410999999999792 0.10915943000000000174 0.11220072000000000378 0.12052480999999999611 0.11567209999999999992 0.11567209999999999992 0.11718515999999999655 0.12333739000000000507 0.11787087000000000259 0.11855055999999999927 0.12671994000000000313 0.12671994000000000313 0.12006648999999999794 0.11771576999999999735 0.13015149000000000856 0.11926464000000000509 0.10769442999999999377 0.10769442999999999377 0.13494700000000001139 0.13156223999999999696 0.11888693999999999651 0.14448092000000001267 0.14604540999999998663 0.14604540999999998663 0.13912084999999999035 0.13344364000000000225
