v_max_4326.asc
ncols        183
nrows        115
xllcorner    7.673561311000
yllcorner    52.313321253366
cellsize     0.000012170814
NODATA_value  -9999
[rows 72 to 89 of 115, columns 39 to 77 of 183]
0.22331646999999998915 0.22331646999999998915 0.23408209999999998741 0.24197489999999999277 0.24712308999999998971 0.25309018999999999266 0.31853136999999998036 0.31853136999999998036 0.25912877000000000827 0.24786992999999998832 0.25124038999999998012 0.27462313999999998781 0.25919794000000001555 0.25919794000000001555 0.26762720000000000953 0.25486294999999997701 0.25320048000000000554 0.2564993400000000201 0.25462057999999998525 0.25462057999999998525 0.24987475000000000658 0.25673207999999997364 0.26041676000000002489 0.27162297000000001912 0.27162297000000001912 0.26818079999999999696 0.26736375000000001112 0.31059479000000000948 0.27814171999999998119 0.2730827699999999747 0.2730827699999999747 0.26757732000000000738 0.26728975999999998736 0.27074863999999998487 0.27277711999999998405 0.26951212000000002167 0.26951212000000002167 0.26901955999999999092 0.2688806999999999725
0.21815939000000000858 0.21815939000000000858 0.22003953000000001095 0.2363910999999999929 0.23377825999999998774 0.23400229999999999642 0.24304960000000000453 0.24304960000000000453 0.2764604700000000137 0.24422461000000000864 0.25511388000000001508 0.24714367000000000973 0.24714367000000000973 0.24583247999999999212 0.24767352000000000811 0.25281182000000002041 0.25478148000000000462 0.24984245999999998844 0.24561890999999999585 0.24553932000000000535 0.25645942999999998824 0.25061454999999999149 0.24305124000000000173 0.25501297000000000548 0.25501297000000000548 0.25855867999999998519 0.26767038999999998028 0.26560829000000002464 0.26312511999999999013 0.28722912000000000443 0.28722912000000000443 0.27868120000000001779 0.26107814000000001409 0.26813721000000001471 0.27166051000000002169 0.27975769000000000331 0.27975769000000000331 0.27204658999999997704 0.27389560000000001683
0.18564796999999999549 0.18564796999999999549 0.19250348000000000459 0.20706976999999998634 0.20255254000000000314 0.20562519000000001324 0.20562519000000001324 0.22351657999999999249 0.21575906000000000251 0.21633208000000000992 0.22507503000000000926 0.28667084999999997708 0.28667084999999997708 0.23739651000000000503 0.23565897999999999013 0.23988101000000000562 0.24312482999999998623 0.24056114000000000663 0.24056114000000000663 0.24193291999999999575 0.24321264000000000771 0.24615031000000001105 0.26386559999999997794 0.25417742999999998199 0.25417742999999998199 0.25442019999999998525 0.28173420999999998493 0.26679862999999998108 0.25193536999999999182 0.26127917999999999976 0.26127917999999999976 0.26245212000000001096 0.26253504999999999203 0.26340367999999997339 0.26557940000000002101 0.27563092000000000148 0.27563092000000000148 0.26993342999999997422 0.26755996999999998032
0.20537013000000001184 0.17971544000000000407 0.18355468999999999258 0.18424213999999999869 0.16652285999999999477 0.19037311000000001204 0.19037311000000001204 0.19371399000000000257 0.16599251000000000977 0.19299405999999999506 0.19093600999999998935 0.21925321999999999867 0.21925321999999999867 0.22441759000000000013 0.22946511999999999465 0.23207884000000000846 0.23174137000000000208 0.23722034000000000176 0.23722034000000000176 0.27258441999999999394 0.23815131000000000494 0.23673784000000000494 0.25602219999999997757 0.24990144000000000246 0.24990144000000000246 0.24984871999999999637 0.2536853900000000106 0.25621294999999999487 0.26480378999999998335 0.25822580000000000533 0.25822580000000000533 0.2576886299999999741 0.28547419000000001654 0.26649619000000002167 0.2665191599999999772 0.27287728999999999457 0.26448519999999997587 0.26763681000000000276 0.26714598999999999984
0.19950391000000000652 0.18769183000000000394 0.15035237000000001295 0.16338662000000001018 0.17096679000000000737 0.16332768000000000286 0.16332768000000000286 0.15786240000000001382 0.18224979999999998959 0.18438952999999999594 0.17386473999999998985 0.20194412000000000473 0.20194412000000000473 0.18402429000000000703 0.19907821000000000544 0.21787918000000000562 0.21307440999999999187 0.21195509000000001265 0.21195509000000001265 0.21609449000000000018 0.22260357000000000061 0.25763816000000000495 0.23401858000000000382 0.23244147000000001113 0.23244147000000001113 0.25941957999999998297 0.25074393999999999849 0.26306635000000000435 0.25180314999999997561 0.25379059999999997732 0.25379059999999997732 0.25476474999999998428 0.25470472999999999031 0.25840632000000002266 0.27953285999999999412 0.26814848000000002237 0.26814848000000002237 0.27895756999999998804 0.26315674999999999484
0.16740974000000000133 0.17394968999999999015 0.16749207999999998764 0.16980319999999998748 0.17542725000000000679 0.17961500999999999162 0.17961500999999999162 0.18297203000000000772 0.18640409999999998925 0.18477905000000000024 0.18143048000000000508 0.18449549000000001198 0.18449549000000001198 0.17114096000000000863 0.18182249000000000327 0.19973270000000001301 0.20043326000000000198 0.17238213999999998927 0.17238213999999998927 0.19657267999999999963 0.18691146999999999623 0.22491343999999999226 0.2226715700000000131 0.21247409000000000434 0.21247409000000000434 0.22960843999999999698 0.23754499000000001141 0.24975127999999999218 0.26552724999999999245 0.25950441000000001868 0.25950441000000001868 0.26901500000000000412 0.25867578000000002181 0.26098801999999998724 0.26592881000000001546 0.26592881000000001546 0.26118920000000001025 0.26175270999999999955 0.2735297700000000054
0.15016208000000000333 0.17399841999999998698 0.17322477999999999487 0.16573386000000001061 0.17234247999999999235 0.18082511000000001111 0.18082511000000001111 0.18107395000000001128 0.18100953999999999655 0.16836486999999999981 0.1773597899999999894 0.18471178999999998682 0.18471178999999998682 0.18355725999999999987 0.17621268000000001042 0.18589016999999999347 0.18305439000000001126 0.18989901000000000697 0.18989901000000000697 0.19083626000000000755 0.17646770999999999985 0.20314466999999999941 0.20830719000000000318 0.2028839000000000059 0.2028839000000000059 0.21602713000000001164 0.22724349999999998717 0.24084473000000000686 0.2472981999999999958 0.2472981999999999958 0.2448714200000000063 0.24639657000000000919 0.24531522999999999524 0.24459912999999999794 0.25750863000000001612 0.25750863000000001612 0.28518259000000001357 0.27304126000000000785 0.27763408000000000531
0.16370555000000000523 0.1603373899999999963 0.16296084999999999043 0.12119678999999999869 0.17114324999999999677 0.17628224000000000671 0.17628224000000000671 0.17620322999999998848 0.17304768000000000927 0.17040273000000000225 0.17032448000000000032 0.16759268999999998861 0.16759268999999998861 0.11678959999999999342 0.17478558999999999068 0.18187109000000001302 0.18053109999999999991 0.18053109999999999991 0.18177672000000000274 0.1685678200000000071 0.18669173000000000018 0.18748588999999998839 0.17893697999999999548 0.17893697999999999548 0.19850451999999998987 0.19863816000000000805 0.20203609000000000151 0.21784336000000001365 0.21348378000000001187 0.21348378000000001187 0.21718102999999999714 0.24425811999999999524 0.23011250999999999234 0.23197750999999999788 0.2436751699999999965 0.2436751699999999965 0.24355841000000000296 0.24776901000000001174 0.27367318000000001588
0.12402443999999999968 0.15862081999999999571 0.16865567000000000752 0.16687355000000000937 0.16433392999999998918 0.169832380000000005 0.169832380000000005 0.16745038000000000977 0.1560639000000000054 0.14096627000000000463 0.15815049000000000468 0.15815049000000000468 0.16774158000000000124 0.15815657999999999106 0.17417766000000001192 0.17920679999999999943 0.1784386500000000042 0.1784386500000000042 0.18152403999999999762 0.18066818000000001154 0.18475230000000000818 0.18750674000000000508 0.18544547999999999588 0.18544547999999999588 0.1967332099999999917 0.19034021000000000967 0.20065219000000000804 0.20722710999999999215 0.20516646999999998968 0.20516646999999998968 0.21219346999999999515 0.21699588999999999683 0.21163993999999999862 0.21978450999999998849 0.22877877999999998715 0.22877877999999998715 0.22512916999999998957 0.23251916999999999724 0.23807407999999999348
0.16192334999999999368 0.16137642999999998739 0.16070342000000001348 0.14728614000000000983 0.15968547999999999076 0.15968547999999999076 0.16631966000000000805 0.15988451000000000746 0.16324377000000001026 0.16410309000000000701 0.14957486000000000392 0.14957486000000000392 0.15969673000000000895 0.15935288999999999704 0.16951153999999998834 0.17126227999999998897 0.13902317000000000147 0.13902317000000000147 0.17899476000000000275 0.18077809999999999713 0.18128247000000000111 0.18768956000000000528 0.1906665600000000127 0.1906665600000000127 0.19236026999999999987 0.19330622999999999556 0.19361333000000000015 0.19678164000000000766 0.19795182999999999529 0.19795182999999999529 0.18558944999999998915 0.19619032999999999611 0.19165976000000001234 0.17906277000000000998 0.18803258999999999945 0.18803258999999999945 0.19134712000000000942 0.20240406999999999149 0.18565324999999999189
0.16859081000000000761 0.16427875000000000116 0.16286168000000000866 0.17058286000000000282 0.16589672999999999226 0.16589672999999999226 0.16327293000000001055 0.16196747000000000227 0.13756028000000000699 0.15379440999999999251 0.13242460000000000342 0.13242460000000000342 0.15501898000000000066 0.1561561700000000108 0.13229662999999999839 0.16720198999999999478 0.16812595999999999097 0.16812595999999999097 0.16818057999999999619 0.17438675000000000703 0.17542964999999999254 0.17316793999999999243 0.1703062599999999871 0.1703062599999999871 0.17962801000000000462 0.18609511000000000802 0.16072860999999999398 0.19164726000000001371 0.19241105000000000014 0.19241105000000000014 0.18416679999999999162 0.19581139999999999657 0.19535989000000000826 0.18712704999999998923 0.19650827000000001266 0.19650827000000001266 0.18914666999999998898 0.15932149000000001005 0.2015934600000000021
0.16768189999999999484 0.16869945000000000079 0.16376435000000000297 0.16977503999999998818 0.16727252000000000787 0.16727252000000000787 0.16730808999999999265 0.16323939000000001198 0.15298580000000000512 0.16170925999999999356 0.16014402999999999277 0.16014402999999999277 0.13278644000000000558 0.15655759999999999121 0.1534012600000000115 0.14819261000000000239 0.14310532000000000807 0.14310532000000000807 0.14734301999999999122 0.17209916999999999576 0.16802179999999999893 0.17606880999999999227 0.18232507000000000574 0.18232507000000000574 0.18037559000000000231 0.18363869999999998806 0.187801570000000001 0.18320406000000000191 0.1884825900000000054 0.1884825900000000054 0.18233473999999999515 0.18966662000000000798 0.19089192999999998746 0.18518887000000000542 0.19716389000000000831 0.19716389000000000831 0.19573107000000000699 0.19560305999999999527 0.20042653999999998637
0.1677106899999999956 0.17099612999999999619 0.16780916000000001276 0.17303383999999999432 0.17249025000000001162 0.17249025000000001162 0.12746067999999999287 0.16100787999999999212 0.1452722599999999864 0.15577671000000001267 0.15327647999999999273 0.15327647999999999273 0.1389461899999999972 0.16134928000000001158 0.15889241000000001169 0.15105810000000000071 0.1636414999999999953 0.1636414999999999953 0.16258395999999999959 0.15773738000000001036 0.15175567000000000917 0.18005329999999999946 0.18201222999999999708 0.18201222999999999708 0.18021202999999999528 0.18274724000000000523 0.18333399999999999697 0.16325718000000000174 0.18202982000000000884 0.18202982000000000884 0.17983726999999999352 0.15773219999999998908 0.18385514999999999497 0.18173553000000000623 0.18173553000000000623 0.1792522199999999899 0.1898365499999999928 0.19017876999999999699 0.19185289999999999289
0.16993236000000000452 0.17532522999999999858 0.17662378000000000799 0.1623173800000000111 0.1829103699999999888 0.1829103699999999888 0.17857412000000000285 0.18610320999999999114 0.18042034000000001237 0.17643360999999999073 0.1792210599999999876 0.1792210599999999876 0.17089434000000000569 0.14784426999999999985 0.16538990000000000635 0.16766392999999998881 0.16938585000000000447 0.16938585000000000447 0.14760632000000001307 0.17291896000000001044 0.17984337999999999713 0.16643997999999998738 0.18315377999999998826 0.18315377999999998826 0.18627516999999998992 0.18482278999999998681 0.18566406999999998662 0.1840497899999999909 0.1840497899999999909 0.17074512999999999496 0.17984917000000000264 0.17630496000000001056 0.15130170000000001118 0.17153217000000001158 0.17153217000000001158 0.16292826999999998616 0.17586085000000001299 0.16523281000000000773 0.15941932999999999798
0.15419088000000000238 0.17110378000000001086 0.16851030999999999649 0.18063803999999999972 0.20689571000000001044 0.20689571000000001044 0.20235394000000000991 0.18893872000000000444 0.19609192999999999762 0.19275283000000001388 0.19221629000000001186 0.19221629000000001186 0.18581491999999999454 0.18439890999999999921 0.18252041999999998878 0.17656151999999999958 0.17656151999999999958 0.17897418000000001048 0.18007392999999999317 0.1810545000000000071 0.18218590000000001172 0.17825949999999998741 0.17825949999999998741 0.19018635999999999875 0.18891910000000000647 0.16934878000000000431 0.18486004000000000325 0.18312865000000000393 0.18312865000000000393 0.17303288000000000002 0.18095032999999999257 0.17865549000000000013 0.1720797000000000021 0.17858303000000000371 0.17858303000000000371 0.17732129999999998726 0.16098112000000000532 0.17749235999999998792 0.1771071700000000082
0.16611174000000000772 0.12271619000000000277 0.17557949999999999946 0.22656763999999998682 0.29506553000000002029 0.29506553000000002029 0.21298353000000000423 0.22294868000000001018 0.22614524999999999211 0.21085145999999999056 0.21085145999999999056 0.20469048000000000798 0.20217888999999999999 0.1921712200000000037 0.18977870999999998936 0.17014229999999999632 0.17014229999999999632 0.19192960000000000576 0.19109982000000000357 0.18287368000000001067 0.18958975000000000133 0.18862664000000001208 0.18862664000000001208 0.18795263000000000941 0.18731502999999999348 0.18565698999999999397 0.18232624999999999527 0.18427244000000000956 0.18427244000000000956 0.18289605999999999919 0.17242646000000000361 0.17947509000000000379 0.17991707000000001226 0.15685795999999999073 0.15685795999999999073 0.17643607999999999514 0.17421239999999998949 0.16843071000000001125 0.16939424000000000148
0.17533467999999999276 0.25396938000000002233 0.29487626000000000115 0.20486322000000001253 0.20486322000000001253 0.26387178000000000022 0.26622106000000000936 0.30532629000000000019 0.30189433999999998326 0.25314810999999998176 0.25314810999999998176 0.42368497999999998882 0.28607840000000001046 0.23114867999999999526 0.25952265000000002138 0.2494500900000000132 0.2494500900000000132 0.30865720000000002043 0.20239505999999998775 0.18586607999999998908 0.19039348999999999856 0.18740501000000001075 0.18740501000000001075 0.1864481699999999964 0.18109374999999999778 0.18302069000000001364 0.17713808000000000331 0.1842409299999999972 0.1842409299999999972 0.18541847999999999663 0.19034372999999998877 0.18603559000000000068 0.18712438000000000682 0.19212633000000001182 0.19212633000000001182 0.18468350999999999518 0.17900342999999999116 0.17370788000000000895 0.18205236999999999115
0.2400207299999999877 0.37283247000000002691 0.41433379999999997434 0.25397581000000002405 0.25397581000000002405 0.35108548000000000533 0.30921205000000001606 0.1432864000000000082 0.26496966999999999048 0.25087522000000000988 0.25087522000000000988 0.24283830000000000693 0.23974033999999999622 0.23125612000000000945 0.34736901999999997281 0.24307740999999999376 0.24307740999999999376 0.22590914000000000827 0.19231702999999999992 0.1673454500000000067 0.16053339999999999277 0.18267217999999998956 0.18267217999999998956 0.18462011999999999867 0.18347162999999999666 0.18381613999999998899 0.18378683000000001213 0.18372672000000001002 0.18372672000000001002 0.18422720000000000762 0.18550143999999998967 0.19087702000000000835 0.18831011000000000277 0.18987237000000001252 0.18987237000000001252 0.18350658999999999721 0.18006706999999999574 0.17561002000000000556 0.15948681000000000663
