v_max_4326.asc
ncols        183
nrows        115
xllcorner    7.673561311000
yllcorner    52.313321253366
cellsize     0.000012170814
NODATA_value  -9999
[rows 54 to 71 of 115, columns 117 to 155 of 183]
0.31372963999999997631 0.30877204000000002537 0.30877204000000002537 0.2976601700000000017 0.29845501000000002056 0.2962369000000000252 0.29361259000000000663 0.28807753000000002608 0.28807753000000002608 0.28329037000000001356 0.2879654799999999959 0.28978891000000001066 0.29067281000000000368 0.29004449999999998289 0.29004449999999998289 0.29135031999999999597 0.29646435999999998234 0.2995303599999999955 0.30256702000000001984 0.29689795000000002156 0.29689795000000002156 0.28468005000000001781 0.27123475000000002444 0.26037729999999997821 0.25325515999999997918 0.24035190000000000721 0.24035190000000000721 0.23002612000000000059 0.23515108000000001232 0.2345666999999999891 0.2237644299999999864 0.2287868999999999875 0.2287868999999999875 0.2274568600000000107 0.22163147999999999183 0.23314355000000000495 0.23738287999999999056 0.23691108999999999085 0.23691108999999999085
0.31849559999999998983 0.31268232000000001358 0.31268232000000001358 0.30822411999999999033 0.30676687000000002481 0.2961024700000000065 0.28622266000000001762 0.29011321000000001025 0.29011321000000001025 0.28836635999999998825 0.29185019000000000933 0.29192820000000002656 0.28186759000000000119 0.28272258000000000111 0.28272258000000000111 0.28986442000000001151 0.29220256999999999481 0.29329787000000001607 0.29304846000000001061 0.29568288999999997602 0.29568288999999997602 0.28822600999999997695 0.29859247999999999346 0.27368966000000000127 0.25954904000000000863 0.24411495999999999196 0.24411495999999999196 0.20629971999999999199 0.23325393999999999295 0.21799081000000000707 0.23381851000000000718 0.23381851000000000718 0.20333812000000001108 0.21289880999999999389 0.22315514000000000183 0.215219920000000009 0.24391549000000001257 0.24391549000000001257 0.25205945000000001821
0.32072516000000000913 0.31467612000000000361 0.31467612000000000361 0.31054204000000001917 0.30956562999999998054 0.30800589000000000439 0.30463276999999999717 0.30151272000000001183 0.30151272000000001183 0.28196341000000002541 0.28951350999999997393 0.29264162999999998593 0.29541263000000000938 0.29303282000000002716 0.29303282000000002716 0.28528336999999998058 0.28901312000000001223 0.29215111999999998638 0.29652824999999999322 0.29213327000000000044 0.29213327000000000044 0.28787492999999997334 0.28559148000000000867 0.28859733999999998 0.27107504999999998407 0.27107504999999998407 0.23486914999999999876 0.2494845300000000099 0.24246887999999999774 0.21372230000000000394 0.22475850999999999469 0.22475850999999999469 0.23948647000000000684 0.24200093000000000298 0.24820876999999999524 0.24793320999999998722 0.2620899099999999815 0.2620899099999999815 0.27313376000000000321
0.32473010000000002151 0.31947822999999997418 0.31947822999999997418 0.306587529999999997 0.31801818999999997839 0.31757499999999999618 0.31325045000000001361 0.31263080999999998122 0.31263080999999998122 0.30847359000000001972 0.30897713999999998347 0.29663472000000001838 0.29666372000000001963 0.29666372000000001963 0.2966898499999999772 0.2666323899999999969 0.28589674999999997729 0.29163221999999999756 0.28929980999999999058 0.28929980999999999058 0.28795893000000000184 0.28967969999999998443 0.28945819999999999883 0.29498035999999999701 0.27988304000000002736 0.27988304000000002736 0.27389078999999999509 0.29568217000000002193 0.21245137999999999523 0.18901413999999999715 0.241843530000000001 0.241843530000000001 0.24815712000000000881 0.21517907000000000006 0.25528163999999997635 0.2596409800000000212 0.25585985999999999452 0.25585985999999999452 0.29343924999999998482
0.33088700999999998142 0.32675108000000002706 0.32675108000000002706 0.32431543000000001564 0.30489325000000000454 0.3216794499999999779 0.31959662999999999267 0.31959662999999999267 0.31743531000000002606 0.3116301899999999736 0.31566978000000001092 0.3089537600000000217 0.30510766999999999749 0.30510766999999999749 0.30310724999999999474 0.29010430999999997637 0.29001493999999999884 0.28602323000000001718 0.29052807000000002713 0.29052807000000002713 0.29029145000000000643 0.29518834999999998825 0.29208276999999999157 0.29156327999999998024 0.28813966000000001966 0.28813966000000001966 0.28669502000000002262 0.27349175999999997266 0.2410698799999999864 0.2221938099999999916 0.23823879000000000583 0.21569736999999999938 0.25815394000000002617 0.25186396999999999258 0.25645559000000001104 0.30724104000000002079 0.30389053999999998679 0.30389053999999998679 0.31476198999999999151
0.33020238000000001755 0.33020238000000001755 0.33080353000000001229 0.32475361000000002587 0.32316431000000001017 0.32472150999999999099 0.31870622999999997926 0.32381691000000001335 0.32341192000000001938 0.32066393999999998066 0.31899771999999998462 0.29460302999999998796 0.30718474000000001167 0.30718474000000001167 0.29626886000000002275 0.30518982000000000054 0.2989933300000000016 0.29324095000000000022 0.29877418999999999505 0.29877418999999999505 0.29672756000000000132 0.28281336000000001363 0.28619328999999998908 0.29187718000000001384 0.29230835999999998931 0.29230835999999998931 0.29373652000000000095 0.28842842000000001867 0.28510643000000002178 0.28650263999999997511 0.2794814400000000254 0.2794814400000000254 0.28824894000000000904 0.26602880000000000971 0.24665185000000000581 0.3037400599999999784 0.31303413000000002153 0.31303413000000002153 0.32551757999999997306
0.35937947999999997339 0.35937947999999997339 0.3272032400000000063 0.34570870999999997464 0.33002981999999997376 0.3361292399999999958 0.33704570000000000363 0.33704570000000000363 0.32016815999999997944 0.32443516999999999495 0.32224529000000001755 0.3135143499999999972 0.30402426999999998536 0.30402426999999998536 0.30487852999999998094 0.31685982000000001424 0.30542677000000001408 0.30104941000000001727 0.30133432999999998358 0.30133432999999998358 0.30085674000000001138 0.29339385000000001158 0.29185019000000000933 0.29116665000000002683 0.2933855899999999739 0.2933855899999999739 0.29373473999999999418 0.30067422999999998678 0.29493268999999999735 0.29849779999999997981 0.30086268999999998819 0.30086268999999998819 0.32587128999999998014 0.44538968000000001002 0.34366870999999998837 0.32811680999999998098 0.32618943000000000243 0.32618943000000000243 0.33264188000000000089
0.38131431999999998439 0.38131431999999998439 0.36567778000000000782 0.35592557000000002443 0.34707522000000001761 0.34334491000000000316 0.32305961999999999179 0.32305961999999999179 0.33566066999999999432 0.33232770999999999839 0.32248873000000000122 0.31533031999999999728 0.3168445300000000131 0.3168445300000000131 0.31513574999999999227 0.3124164500000000122 0.31034689999999998111 0.30614176999999997975 0.30356779999999999875 0.30356779999999999875 0.30218463000000000962 0.29925477000000000327 0.29657645999999998621 0.29035879999999997247 0.29326118000000001018 0.29326118000000001018 0.29276572000000000706 0.278547250000000024 0.29857074999999999587 0.30296506000000000824 0.30842556999999998224 0.30842556999999998224 0.32197949999999997406 0.35568660000000001942 0.56324207000000003909 0.40835582999999997522 0.40835582999999997522 0.35387434000000000944 0.38726143000000001759
0.39306330000000000435 0.39306330000000000435 0.4548028100000000018 0.40798680999999997754 0.39705926000000002496 0.38193430999999999909 0.32132178999999999602 0.32132178999999999602 0.34429408999999999708 0.34173142000000000795 0.33332650000000002555 0.32628239999999997245 0.32692039000000000515 0.32692039000000000515 0.32247902000000000511 0.32112480999999998277 0.31646797999999998208 0.31265387999999999513 0.31302201000000001718 0.31302201000000001718 0.30949394000000002292 0.30514145999999997549 0.30415259999999999518 0.29903467000000000242 0.28782102999999997772 0.28782102999999997772 0.2938753100000000007 0.29770050999999997376 0.30305542000000001979 0.3037912600000000074 0.3037912600000000074 0.30543935999999999309 0.31468484000000002121 0.32771861000000002129 0.34454316000000001496 0.34712328999999997325 0.34712328999999997325 0.34355861999999998124 0.38375784000000001672
0.52486843999999999166 0.52486843999999999166 0.61725507000000001678 0.66697070999999996666 0.50508671999999998903 0.55980032999999995713 0.38799431000000000891 0.38799431000000000891 0.26473029999999997397 0.33665308999999998818 0.33848109999999997921 0.32451405999999999308 0.33246356999999998605 0.33246356999999998605 0.31974283999999997263 0.32596878000000001352 0.31339261000000001589 0.31763647000000000409 0.30817304000000000919 0.30817304000000000919 0.31187397000000000036 0.30643996000000001123 0.30195553000000002752 0.30291860999999997706 0.30291860999999997706 0.27707724999999999715 0.29786585999999998231 0.29803037999999998364 0.30007868999999998127 0.30338399999999998702 0.30338399999999998702 0.30607368000000001462 0.30430217999999997769 0.31478842000000001322 0.31661076999999998582 0.32387572999999997281 0.32387572999999997281 0.32458489000000001479 0.3234136599999999917
0.37869775999999999438 0.37869775999999999438 0.4316320100000000104 0.46967753000000000974 0.5136732600000000204 0.56734353999999997953 0.42370556999999997583 0.42370556999999997583 0.37226056000000001811 0.36111870000000001468 0.35289184000000001218 0.348864339999999995 0.348864339999999995 0.34469227000000002281 0.33792723000000002287 0.32604945000000001842 0.32465541999999997236 0.30669849999999998502 0.30669849999999998502 0.31722968000000001387 0.3145931299999999986 0.31532021999999998441 0.30482358999999997762 0.31154890000000001749 0.31154890000000001749 0.30571546999999998917 0.30221712000000000575 0.30055689000000002098 0.28441463999999999634 0.29183305999999997749 0.29183305999999997749 0.2699441699999999833 0.30111018999999999979 0.30874829999999997554 0.31111319999999997865 0.31275081999999998494 0.31275081999999998494 0.31482876999999998002 0.31565149999999997377
0.31257546000000002717 0.31257546000000002717 0.34367788999999998589 0.43719912999999999137 1.0086900999999999229 0.50342268999999995049 0.50342268999999995049 0.56499953000000002756 0.61091207000000002925 0.45389417999999998043 0.49062980999999999954 0.43094838000000001976 0.43094838000000001976 0.38373914999999997333 0.37680204999999999949 0.34698454000000000796 0.33531989000000000933 0.32798916999999999655 0.32798916999999999655 0.32216662000000001465 0.3176468199999999964 0.31478583999999998344 0.31693870000000001763 0.32609560999999998021 0.32609560999999998021 0.30197336000000002398 0.30621588999999999059 0.30566618000000000954 0.29442151999999999212 0.29705232999999997556 0.29705232999999997556 0.29956859000000002347 0.30155821999999998795 0.30592040999999997597 0.30572283999999999571 0.30943691000000000946 0.30943691000000000946 0.31227669000000002342 0.31271922000000001995
0.24826154000000000277 0.28856490000000001306 0.2997131100000000048 0.346107190000000009 0.30213522999999997687 0.39025869000000001918 0.39025869000000001918 0.48161135999999998836 0.48044238999999999695 0.53351391000000003562 0.75900193999999998606 0.57649318000000004947 0.57649318000000004947 0.35062362000000002471 0.47746294000000000235 0.37438030999999999393 0.35498849999999998461 0.31251695000000001556 0.31251695000000001556 0.32060147999999999424 0.32346351000000000964 0.31624921999999999755 0.31315503000000000089 0.31550210000000000754 0.31550210000000000754 0.31302723999999998439 0.30403113999999997752 0.30769896000000002134 0.30632876999999997247 0.30686720000000000663 0.30686720000000000663 0.30540946000000002147 0.30019382999999999484 0.30447808999999997903 0.30790998000000002754 0.30868075000000000374 0.30868075000000000374 0.30802231000000002137 0.31022705999999999893
0.23680061999999998945 0.26231459000000001414 0.2415413200000000038 0.28923025000000002205 0.31736980999999997444 0.33041218999999999451 0.33041218999999999451 0.33683014999999999484 0.45837895000000000723 0.65531357000000001189 0.51715542999999997154 0.55021732000000000973 0.55021732000000000973 0.48909833000000002556 0.85835264000000000006 0.44381565000000000598 0.34882520999999999667 0.36359539000000001829 0.36359539000000001829 0.33927534999999997556 0.3383130100000000251 0.29995402999999998261 0.31831371000000002747 0.32442819000000000518 0.32442819000000000518 0.32093980999999999204 0.30995361999999998526 0.3158553000000000055 0.31259185999999999916 0.31394400000000000084 0.31394400000000000084 0.30373913000000002382 0.29325792999999999999 0.30096020000000001104 0.29760596999999999746 0.29090497999999997969 0.29090497999999997969 0.29399505999999997474 0.30776357999999998105
0.23811340000000000283 0.23072232000000000851 0.18454936999999999037 0.15621716999999998854 0.25104342000000001711 0.24873982000000000037 0.24873982000000000037 0.28378183000000001268 0.3177683700000000222 0.39500442000000002274 0.44266570999999999003 0.44913539000000002321 0.44913539000000002321 0.51026691999999995719 0.4903517399999999804 0.66130621999999994465 0.43036132999999998638 0.35708425999999998668 0.35708425999999998668 0.37567208000000001933 0.33077187000000002337 0.34311268000000000322 0.33072590000000001709 0.32776038000000001782 0.32776038000000001782 0.32461666000000000132 0.31609000999999997683 0.32174791000000002583 0.31831144000000000105 0.31608350000000001723 0.31608350000000001723 0.31216677999999997706 0.30376522999999999719 0.29765015999999999696 0.24125210999999999184 0.24125210999999999184 0.29365858999999999712 0.30004909000000001829 0.30352968000000002391
0.22940721000000000029 0.22142944000000000515 0.22770686000000001092 0.220581040000000006 0.19086917000000000466 0.15423332000000000708 0.15423332000000000708 0.26157013000000001179 0.19978915999999999342 0.30931726999999997751 0.34154968000000002215 0.34817270000000000163 0.34817270000000000163 0.66916028999999999094 0.57001736999999996769 0.56023601000000000649 0.44519386999999999155 0.59388196999999998127 0.59388196999999998127 0.49016633999999997817 0.37984993999999999703 0.3508087999999999762 0.34092489999999997519 0.32834845000000001392 0.32834845000000001392 0.32414728999999997683 0.32619481999999999644 0.31327218000000001119 0.31650468999999997743 0.31650468999999997743 0.3172576899999999811 0.31422189999999999843 0.28793792000000001385 0.29628765000000001351 0.29426465000000001648 0.29426465000000001648 0.30327705999999998721 0.30013352999999998172 0.26530019999999998603
0.16510421000000000125 0.20881591999999998821 0.21747767000000001181 0.20459393000000000717 0.21386593000000000964 0.17626395000000000257 0.17626395000000000257 0.19707431999999999728 0.24593053000000000829 0.24901961000000000235 0.30513509999999999245 0.29993537999999997368 0.29993537999999997368 0.31710564000000002194 0.34518084999999998352 0.39036442999999998449 0.71644936999999997429 0.71644936999999997429 0.53911067999999995326 0.53463559999999998862 0.54417596000000001411 0.45111372999999999056 0.37266224999999997269 0.37266224999999997269 0.36189092000000000482 0.29537516000000002547 0.3362885500000000194 0.33267395999999999079 0.32926413999999998294 0.32926413999999998294 0.32418344999999998413 0.32245768000000002429 0.3137011800000000239 0.30521239999999999482 0.30289816000000002738 0.30289816000000002738 0.30153491999999998407 0.2982719200000000237 0.28499042000000002206
0.21169418000000000957 0.21458211999999998731 0.17897622999999998616 0.21695322999999999691 0.20668824999999999004 0.21002755000000000729 0.21002755000000000729 0.21532299999999998663 0.15003815000000000901 0.21878038999999999126 0.18055777000000000632 0.18055777000000000632 0.26375355000000000327 0.27903699999999997949 0.32377668999999997812 0.36588060999999999501 0.5534956500000000057 0.5534956500000000057 0.78004247000000004331 0.61130454999999994659 0.61154215000000000657 0.50729382999999994563 0.39817646000000000983 0.39817646000000000983 0.37289969000000000587 0.35451037000000001909 0.35611754000000001019 0.33690503999999998896 0.33614146000000000303 0.33614146000000000303 0.32659778999999999893 0.32306046999999998848 0.31854278000000002535 0.30851514000000002103 0.31140905000000002056 0.31140905000000002056 0.30405384000000001965 0.30649713000000000651 0.30599766000000000465
