v_max_4326.asc
ncols        183
nrows        115
xllcorner    7.673561311000
yllcorner    52.313321253366
cellsize     0.000012170814
NODATA_value  -9999
[rows 72 to 89 of 115, columns 78 to 116 of 183]
0.26967012000000001315 0.27236167999999999489 0.30455440999999999763 0.30455440999999999763 0.27507650000000000157 0.2775035699999999772 0.26288052000000000641 0.25924774999999999903 0.26164615000000002176 0.26164615000000002176 0.26180343999999999838 0.26467926000000002729 0.26846438000000000246 0.25060996000000002049 0.23677643000000000995 0.23677643000000000995 0.23192028000000000643 0.22138874999999999527 0.19058078000000000518 0.12537561999999999318 0.18038604999999999223 0.18038604999999999223 0.1504486399999999946 0.20256535999999999986 0.21437282999999998645 0.22466236000000000539 0.23134789999999999521 0.23134789999999999521 0.2329452899999999993 0.21282706000000001234 0.22799565999999998889 0.18350464999999999138 0.23084230999999999501 0.23084230999999999501 0.23040764999999999163 0.22213165000000001381 0.22424860999999998712 0.22331902000000000696 0.22331902000000000696
0.2846898099999999876 0.28398255000000000026 0.26966001000000000554 0.26966001000000000554 0.26720850000000001545 0.26971285000000000398 0.26392514000000000252 0.25890509999999999913 0.26764992999999998036 0.26764992999999998036 0.26586427000000001364 0.29741461000000002368 0.26197660999999999865 0.25339198000000001665 0.25824372000000000993 0.25824372000000000993 0.23169370999999999716 0.21401664000000000798 0.1839652400000000021 0.18821415999999999147 0.19432404000000000344 0.19432404000000000344 0.17633252999999998734 0.10886392000000000291 0.18447858000000000311 0.18394452000000000025 0.21833469999999999267 0.21833469999999999267 0.22454372999999999694 0.22232446000000000152 0.22912319999999999909 0.22776669999999998861 0.22776669999999998861 0.21408421999999999175 0.22106797999999999726 0.1370802399999999921 0.22087957999999999203 0.22045111000000000567 0.22045111000000000567
0.2685272200000000109 0.26704085999999999101 0.26318830999999998088 0.26318830999999998088 0.26193980999999999515 0.28079630999999999341 0.26545734999999998083 0.25228696000000000454 0.25558357999999997689 0.25558357999999997689 0.25779723999999998307 0.26066315000000001012 0.28495010999999997869 0.25543787000000001131 0.25077775000000002148 0.25077775000000002148 0.19819660000000000055 0.20028841000000000006 0.13543426999999999549 0.17752133999999999969 0.18018228000000000022 0.15488091000000001052 0.14093965999999999439 0.15885852000000000306 0.1758874800000000127 0.16483860000000000179 0.16483860000000000179 0.19069727000000000205 0.21188997000000001081 0.21289174999999999072 0.21618234999999999535 0.19723498999999999892 0.19723498999999999892 0.21159980999999999929 0.22647271999999998848 0.22404602000000001238 0.21652878999999999876 0.22113689999999999736 0.22113689999999999736
0.26113342000000000498 0.2665843600000000202 0.27015652000000001109 0.27015652000000001109 0.25110196000000001293 0.25020936999999998651 0.24977389999999999315 0.24922373000000000443 0.26148321000000002146 0.26148321000000002146 0.25075544999999999085 0.25247099000000000624 0.2804283499999999929 0.24536707999999998742 0.24536707999999998742 0.22659624000000000432 0.15961653000000000646 0.19164897000000000182 0.18043268000000001194 0.12494961999999999736 0.12494961999999999736 0.17236812000000001355 0.17364107000000000847 0.12411287000000000014 0.16187356999999999441 0.12761770999999999532 0.12761770999999999532 0.19108285999999999327 0.21070574999999999721 0.21294329000000000729 0.21645137000000000405 0.21871020999999998824 0.21871020999999998824 0.21830040000000000555 0.21826878999999999031 0.20873801999999999635 0.18725146000000000845 0.22185539000000001342 0.22185539000000001342
0.25808657000000001513 0.25640098000000000056 0.25391722999999999377 0.25391722999999999377 0.249638830000000006 0.25046710999999999281 0.24639358000000000093 0.21958282000000001188 0.21958282000000001188 0.24552951000000000636 0.24798700000000001298 0.24771941000000000099 0.24448913999999999369 0.23914552000000000032 0.23914552000000000032 0.22778935000000000155 0.20502140999999998727 0.14572788999999999882 0.16804841000000000917 0.15942570000000000352 0.15942570000000000352 0.15158225000000000171 0.15850322999999999496 0.098060818999999993517 0.17469060999999999617 0.1720893000000000006 0.1720893000000000006 0.1386762099999999942 0.2024131399999999914 0.21074681000000000664 0.22225850999999999247 0.22317951999999999235 0.22317951999999999235 0.21583081000000001182 0.20703574999999999062 0.21752857999999999916 0.21151823999999999626 0.20883338000000001289 0.20883338000000001289
0.25834103000000002703 0.25505243999999999138 0.25505243999999999138 0.24814676999999998874 0.24232804999999998929 0.23822809999999999819 0.24234383000000001007 0.24138552999999998705 0.24138552999999998705 0.2414530500000000024 0.24895303999999998656 0.24853471999999998676 0.23958934000000001174 0.22363968000000000735 0.22363968000000000735 0.2183324000000000098 0.19189735999999998906 0.16510480999999999074 0.14854633999999999894 0.16537428000000001238 0.16537428000000001238 0.08071202500000000668 0.17349922000000000955 0.18166831999999999425 0.1689081900000000136 0.1811245700000000125 0.1811245700000000125 0.2057654399999999939 0.2175053899999999929 0.21729905999999998834 0.21422679999999999501 0.22203250999999998849 0.22203250999999998849 0.2085615100000000055 0.21624101000000001127 0.22600126000000000936 0.2225188999999999917 0.21730592000000001351 0.21730592000000001351
0.2616004000000000107 0.25738474000000000075 0.25738474000000000075 0.25037005000000001065 0.24339969000000000188 0.23776163999999999632 0.21550250000000001349 0.23090088000000000279 0.23090088000000000279 0.22928835999999999662 0.24328921000000000574 0.2380401099999999992 0.23472682000000000269 0.2242703500000000072 0.2242703500000000072 0.20627862999999999061 0.20088748000000000715 0.18984630999999999035 0.16394047999999999954 0.17458232000000001305 0.17458232000000001305 0.17280281999999999587 0.11859506000000000214 0.17494846000000000008 0.11762575999999999588 0.19016271000000001257 0.19016271000000001257 0.21351533999999999791 0.2243851400000000107 0.22421615000000000295 0.22753344000000000347 0.23265425000000000688 0.23265425000000000688 0.2123569299999999993 0.19963716000000000794 0.21108746999999999927 0.21492977999999998695 0.19386011000000000215 0.19386011000000000215
0.2945666900000000199 0.28445053999999997396 0.28445053999999997396 0.26448433999999998445 0.24876618999999999815 0.24834697000000000022 0.24414425000000000709 0.24394618000000001246 0.24394618000000001246 0.24927014999999999589 0.26509948999999999319 0.24007205000000000905 0.23653028000000000941 0.22768800999999999624 0.22768800999999999624 0.19155126999999999571 0.19529156999999999766 0.18426702999999999832 0.11424049000000000009 0.17632112999999999259 0.17632112999999999259 0.17281414999999999971 0.16185907999999998852 0.18582596000000001224 0.1943810199999999877 0.19217259999999999898 0.19217259999999999898 0.21216334000000000581 0.23361109999999998821 0.23446306999999999565 0.23774307000000000079 0.24501401999999999903 0.24501401999999999903 0.24053604000000000651 0.2345868999999999871 0.26737512000000002166 0.24376290000000000457 0.24376290000000000457 0.23665913999999999007
0.24804639000000000548 0.24799471000000000709 0.24799471000000000709 0.25514916999999998071 0.26206468999999998903 0.26742314000000000362 0.26700939000000001311 0.25653998000000000079 0.25653998000000000079 0.26375325999999998938 0.25756047999999998055 0.26016723000000002708 0.25682578000000000351 0.22772471999999999159 0.22772471999999999159 0.21273756999999998696 0.18827515000000000223 0.19756067999999998852 0.18886790999999999996 0.17567403000000000879 0.17567403000000000879 0.18484565000000000023 0.1672313800000000128 0.17294919999999999738 0.16135571000000001329 0.20847308000000000505 0.20847308000000000505 0.23170755000000001211 0.24950531000000000792 0.29024723000000002271 0.27063503999999999339 0.27063503999999999339 0.28875689999999998303 0.26742539999999997979 0.27091900000000002091 0.27004658999999997526 0.24771461999999999648 0.24771461999999999648 0.23772291000000000949
0.20686551000000000244 0.21102687000000000528 0.21102687000000000528 0.18276853000000001237 0.22586307999999999385 0.2447721900000000006 0.25896299999999999875 0.26413669000000000731 0.26413669000000000731 0.25738844999999999086 0.26823609999999997733 0.26956731999999999916 0.23799806000000001127 0.21206381999999998622 0.21206381999999998622 0.20808793000000000428 0.20314499999999999225 0.18411024000000000833 0.18306175999999999005 0.18306175999999999005 0.1607456399999999952 0.1672861300000000051 0.18431114000000001218 0.19949927000000000632 0.20567262999999999518 0.20567262999999999518 0.21650299000000000627 0.24069697000000001008 0.26230183000000001359 0.27995875999999997319 0.27682255000000000056 0.27682255000000000056 0.2962885299999999944 0.27339573000000000347 0.2631184999999999774 0.24376765000000000239 0.2434313899999999975 0.2434313899999999975 0.19966443999999999859
0.19173935000000000284 0.1868280200000000113 0.1868280200000000113 0.21404207000000000094 0.23662616000000000205 0.25996277000000000967 0.26999398000000002229 0.26351792000000001659 0.26351792000000001659 0.26025173000000001444 0.27497992999999998354 0.25430223000000001798 0.23510005999999999959 0.23510005999999999959 0.21113462999999998981 0.21163659000000001331 0.20595973000000000752 0.19096840000000001036 0.19270167999999998631 0.19270167999999998631 0.19497075999999999296 0.18726764000000001298 0.18826886000000001009 0.20480683999999999001 0.21266811999999998828 0.21266811999999998828 0.2179771100000000017 0.26751035000000000785 0.27823680000000000634 0.29896370999999999363 0.35008517999999999581 0.35008517999999999581 0.29337141999999999387 0.28193859999999998367 0.27441263999999998546 0.26566926000000001817 0.25944740999999998943 0.25944740999999998943 0.24470744999999999303
0.19279124000000000261 0.19279124000000000261 0.19899928000000000061 0.21566304999999999503 0.23194474000000001035 0.24568518999999999775 0.23933902000000001342 0.23933902000000001342 0.24725960999999999079 0.24891571000000001224 0.24216637999999998665 0.23871978999999998727 0.23361155000000000115 0.23361155000000000115 0.21957458999999998617 0.20745382000000001099 0.20268600999999999979 0.19578904999999999226 0.14875758000000000036 0.14875758000000000036 0.18645417999999999714 0.16145449000000000606 0.20166115000000001123 0.21273518999999999068 0.22393455000000000998 0.22393455000000000998 0.24075404000000000249 0.32270776000000001016 0.27356581000000002035 0.27938128000000000961 0.30629160999999999193 0.30629160999999999193 0.28338677000000001005 0.27500504999999997313 0.27248201999999999146 0.27419676999999997857 0.26926640000000001685 0.26926640000000001685 0.27072815000000000074
0.19512982000000000937 0.19512982000000000937 0.19524753000000000247 0.18109241000000000921 0.21593007999999999647 0.23178967999999999794 0.26715150999999998094 0.26715150999999998094 0.2440640900000000113 0.24406881999999999189 0.24813035999999999426 0.2332949400000000062 0.22596900000000000319 0.22596900000000000319 0.21147049000000001096 0.19670325999999999089 0.19590204999999999425 0.17472660000000000968 0.18905073000000000016 0.18905073000000000016 0.19385825000000000973 0.18961104000000000847 0.19121561000000000807 0.21060993999999999549 0.21880453999999999182 0.21880453999999999182 0.23852984999999998772 0.26174223000000002015 0.32679549000000002179 0.28261051999999997619 0.29690455999999998404 0.29690455999999998404 0.28607915000000000427 0.27938779000000002473 0.27924564000000001718 0.27822765999999998776 0.27589011000000002172 0.27589011000000002172 0.28463071000000000899
0.18978502999999999346 0.18978502999999999346 0.19497797999999999519 0.19980685000000000806 0.21533907999999998828 0.22780043999999999293 0.23892026999999999015 0.23892026999999999015 0.23486318999999999946 0.23699437000000000975 0.24763439000000000978 0.23007800000000000473 0.21914929999999999133 0.21914929999999999133 0.20507718999999999254 0.20525150999999999812 0.19729409000000000529 0.17794847999999999222 0.1926396200000000114 0.1926396200000000114 0.19697048000000000334 0.19061117999999999117 0.18539374999999999605 0.20947081000000000728 0.2176042199999999871 0.22411258000000000568 0.23583745000000000402 0.25735291999999998502 0.28064119999999997956 0.2715676300000000043 0.30119456000000000007 0.30119456000000000007 0.27726804999999998813 0.28049723999999998103 0.29157703000000001481 0.28896377000000000868 0.28666890000000000427 0.28666890000000000427 0.29605186000000000002
0.1431190999999999991 0.17422716999999998677 0.19417022999999999922 0.20754438000000000053 0.22878467999999999027 0.221870120000000004 0.22642138000000000542 0.22642138000000000542 0.25346015999999998991 0.23470378000000000074 0.23015598000000001 0.24144471000000000682 0.22838523999999998937 0.22838523999999998937 0.20347114999999998952 0.18865999999999999437 0.17728584000000000009 0.18985081000000000873 0.18429762999999999007 0.18429762999999999007 0.14996581000000000494 0.18952457999999999805 0.19672308999999998935 0.17797098999999999558 0.21717407999999999157 0.21717407999999999157 0.23215151000000000536 0.2491199199999999947 0.24741319000000000505 0.25699045999999997614 0.27076087999999998157 0.27076087999999998157 0.26929226000000000552 0.27424078000000001731 0.31257379000000001801 0.31561102000000001988 0.31561102000000001988 0.3050245500000000054 0.30769178000000002582
0.14456408000000001146 0.14456408000000001146 0.19810233999999998789 0.20883456999999999715 0.21679091999999999807 0.21857671000000000738 0.22289452000000001264 0.22289452000000001264 0.22947027000000000396 0.22787330999999999559 0.22468627999999998823 0.22413549999999998752 0.21867371999999998811 0.21867371999999998811 0.20683799999999999408 0.19180225000000000746 0.18595225000000001336 0.19216206999999999039 0.18925316999999999834 0.18925316999999999834 0.18299902000000001223 0.19481118000000000046 0.19862426999999999166 0.19557762000000000757 0.19557762000000000757 0.20878894000000000619 0.21866947999999999941 0.20981071000000001137 0.22939972999999999614 0.23770756000000001218 0.23770756000000001218 0.28802853000000000483 0.26662120000000000264 0.26780646000000002394 0.27943522999999997891 0.28925106999999999902 0.28925106999999999902 0.31686919000000002278 0.3014051099999999761
0.19041888000000001258 0.19041888000000001258 0.23137964999999999227 0.21010511000000001158 0.2169587600000000005 0.22090652999999998984 0.22506434999999999635 0.22506434999999999635 0.2405228899999999892 0.22936335999999998836 0.23072416000000001146 0.22069642999999999899 0.21385756999999999683 0.21385756999999999683 0.20484630000000000893 0.18088942999999998995 0.16742519999999999625 0.17730485000000001383 0.17730485000000001383 0.1839745200000000025 0.18806512999999999702 0.18273832000000000964 0.18135133999999999976 0.19504002000000000838 0.19504002000000000838 0.19854382000000000974 0.19591939999999999356 0.20469471999999999667 0.2069489399999999979 0.21251364999999999839 0.21251364999999999839 0.23267650000000000832 0.24330304999999999294 0.24667131999999999947 0.25291960000000002218 0.27077092000000002603 0.27077092000000002603 0.28282143999999997952 0.2911831500000000017
0.18665718000000000587 0.18665718000000000587 0.19133190999999999393 0.20090477000000001029 0.20330734000000000306 0.20358984999999998888 0.20941467999999999194 0.20941467999999999194 0.21032287999999998984 0.21228701999999999295 0.21987223000000000184 0.21347232999999998793 0.21347232999999998793 0.18721742999999999024 0.18216964999999998853 0.18999800000000000022 0.18813920000000000643 0.17992693000000001269 0.17992693000000001269 0.18172738999999998866 0.17755116000000001342 0.16503392999999999535 0.16220453000000001342 0.18756976999999999678 0.18756976999999999678 0.19134167999999998622 0.18177577000000000318 0.18911780000000000257 0.20103576000000000779 0.20485295000000000587 0.20485295000000000587 0.21963303000000000686 0.22533227000000000118 0.23651010999999999562 0.25318474000000001922 0.26816919000000000173 0.26816919000000000173 0.27696783000000002595 0.29027205999999999841
